BASIN_DATA/DATA/7339001/morph_cr2soil/aspect.asc
ncols        384
nrows        512
xllcorner    -72.750000000000
yllcorner    -36.500000000000
cellsize     0.001953125000
NODATA_value  -9999
[rows 280 to 299 of 512, columns 270 to 314 of 384]
189.940582275390625 186.61798095703125 185.77947998046875 187.80792236328125 188.130096435546875 191.80706787109375 208.389129638671875 234.502197265625 272.27044677734375 10.24408721923828125 16.4207916259765625 23.13254547119140625 42.297779083251953125 45.935359954833984375 51.608463287353515625 51.8636932373046875 45 38.5411834716796875 37.568592071533203125 12.17145538330078125 339.227752685546875 336.595306396484375 340.067474365234375 343.264007568359375 338.65130615234375 352.303955078125 5.2854461669921875 18.26790618896484375 23.89516448974609375 353.8408203125 331.745758056640625 318.89166259765625 3.07745361328125 43.325160980224609375 55.96787261962890625 66.8014068603515625 57.80426788330078125 35.217594146728515625 25.0168914794921875 26.565052032470703125 27.645977020263671875 23.96248626708984375 15.94539642333984375 4.39870452880859375 30.963756561279296875
166.4295654296875 169.00372314453125 179.2686004638671875 184.9271087646484375 192.242340087890625 213.610809326171875 247.833648681640625 264.997467041015625 274.421295166015625 314.25592041015625 2.993133544921875 29.350215911865234375 53.01927947998046875 58.48088836669921875 57.7787322998046875 51.009006500244140625 43.781124114990234375 41.531772613525390625 42.7542572021484375 4.39870452880859375 333.82470703125 330.350128173828125 321.088531494140625 320.029052734375 327.458251953125 348.036224365234375 1.50743865966796875 17.4279022216796875 23.8468170166015625 354.970916748046875 341.5650634765625 332.571258544921875 359.443756103515625 52.51842498779296875 63.23249053955078125 58.392498016357421875 41.478546142578125 31.908107757568359375 32.275646209716796875 30.37912750244140625 27.474430084228515625 28.6104583740234375 23.96248626708984375 8.13010406494140625 39.28940582275390625
167.535064697265625 165.784149169921875 188.74615478515625 222.87890625 264.42779541015625 270.44415283203125 259.1405029296875 255.02227783203125 256.30206298828125 268.04949951171875 319.55377197265625 44.7061767578125 59.92073822021484375 55.246036529541015625 46.254451751708984375 40.7531585693359375 43.430644989013671875 48.04477691650390625 39.193271636962890625 351.25384521484375 338.72039794921875 339.775146484375 317.792724609375 298.345703125 299.80474853515625 325.231048583984375 351.287384033203125 10.34868621826171875 20.213287353515625 5.74060821533203125 342.714996337890625 343.3612060546875 6.18439483642578125 45.210643768310546875 55.12467193603515625 48.43363189697265625 38.796550750732421875 37.11685943603515625 37.40535736083984375 35.83765411376953125 34.69515228271484375 38.659809112548828125 32.905242919921875 28.300754547119140625 61.69924163818359375
178.9390869140625 203.1985931396484375 279.162353515625 299.05462646484375 308.55841064453125 320.514892578125 306.869903564453125 261.926788330078125 251.6443023681640625 252.9991455078125 250.3079833984375 52.431407928466796875 45 43.8426666259765625 43.555873870849609375 47.350372314453125 54.11417388916015625 52.99747467041015625 29.267993927001953125 337.036224365234375 340.2777099609375 355.266571044921875 329.6763916015625 319.10809326171875 311.10504150390625 312.430755615234375 338.57769775390625 3.2996826171875 18.56101226806640625 21.8439788818359375 347.763885498046875 337.158111572265625 12.454345703125 43.69380950927734375 49.236392974853515625 43.3082122802734375 39.55966949462890625 42.6386260986328125 46.818302154541015625 38.990993499755859375 23.83873748779296875 32.66091156005859375 34.69515228271484375 30.068584442138671875 55.0079803466796875
254.2488250732421875 289.32318115234375 302.81634521484375 307.694244384765625 304.1983642578125 312.68292236328125 337.675567626953125 317.45904541015625 282.329742431640625 271.54119873046875 267.688873291015625 303.157928466796875 28.8238067626953125 59.3452301025390625 63.26790618896484375 61.738758087158203125 54.887989044189453125 45.345149993896484375 26.221965789794921875 326.859771728515625 328.1829833984375 0 322.88836669921875 318.99090576171875 321.26348876953125 315 334.110107421875 356.6981201171875 15.34088897705078125 28.056583404541015625 1.50439453125 343.78662109375 18.4349517822265625 42.229785919189453125 43.84099578857421875 44.823162078857421875 47.300823211669921875 55.56801605224609375 59.400020599365234375 23.1985931396484375 353.92755126953125 17.83501434326171875 25.292022705078125 16.29404449462890625 40.815082550048828125
255.7354888916015625 263.0189208984375 265.1260986328125 262.4605712890625 253.647613525390625 251.4045562744140625 260.7354736328125 291.5225830078125 282.96710205078125 274.289154052734375 268.099884033203125 266.39874267578125 37.8749847412109375 83.85794830322265625 79.845733642578125 66.4477386474609375 49.236392974853515625 39.37325286865234375 23.13362884521484375 344.0103759765625 326.2008056640625 349.045928955078125 309.134033203125 292.883544921875 295.7784423828125 293.407806396484375 309.0684814453125 339.41912841796875 6.86643218994140625 25.96105194091796875 5.0564117431640625 356.410491943359375 28.7948150634765625 50.095699310302734375 60.448863983154296875 68.68521881103515625 71.2443695068359375 72.0438385009765625 59.036243438720703125 346.5042724609375 333.321044921875 9.46231842041015625 23.7494964599609375 17.3740386962890625 43.19126129150390625
245.854461669921875 244.7671661376953125 237.3954010009765625 226.051177978515625 221.1575469970703125 225 225.2836456298828125 229.763641357421875 238.344451904296875 241.268035888671875 224.7205047607421875 231.1269378662109375 253.4741973876953125 66.75608062744140625 58.802764892578125 51.06771087646484375 34.884639739990234375 22.69379425048828125 15.98628997802734375 6.38037109375 350.8529052734375 341.70379638671875 334.672637939453125 303.743560791015625 280.561004638671875 273.78057861328125 273.15484619140625 284.808380126953125 323.02239990234375 25.7325439453125 19.6902313232421875 16.75026702880859375 55.693874359130859375 69.41555023193359375 78.2152557373046875 77.27564239501953125 65.20186614990234375 53.4065093994140625 37.715976715087890625 332.209564208984375 315 8.19086456298828125 29.64986419677734375 27.525226593017578125 53.07834625244140625
249.10223388671875 259.508544921875 268.854248046875 280.905029296875 288.103759765625 268.18170166015625 254.0165863037109375 256.07904052734375 260.23333740234375 260.148681640625 248.2472686767578125 250.5724029541015625 269.33636474609375 29.2488250732421875 39.340518951416015625 36.5254364013671875 15.92724609375 9.17807769775390625 15.69779205322265625 17.06285858154296875 0.1623077392578125 336.65863037109375 346.08526611328125 345.0499267578125 313.062164306640625 293.132537841796875 300.36614990234375 294.25390625 268.1759033203125 127.0565338134765625 134.7551422119140625 160.2896575927734375 147.011474609375 94.4649200439453125 77.10625457763671875 56.029529571533203125 39.013336181640625 34.416259765625 29.8459320068359375 349.42999267578125 298.4510498046875 356.128753662109375 28.872425079345703125 30.495227813720703125 48.394924163818359375
254.7448883056640625 259.4608154296875 260.972381591796875 259.0609130859375 253.979705810546875 256.6607666015625 262.875 263.35693359375 269.790130615234375 279.46234130859375 295.441741943359375 292.2296142578125 280.684906005859375 326.46954345703125 37.581348419189453125 30.34864044189453125 8.65755462646484375 8.0651397705078125 17.779754638671875 21.95525360107421875 3.55926513671875 331.94921875 343.5513916015625 357.1031494140625 333.068450927734375 310.0302734375 314.6396484375 276.3402099609375 167.753662109375 151.801116943359375 149.648834228515625 165.9637451171875 180.1171722412109375 149.743560791015625 114.22774505615234375 82.7939453125 58.626995086669921875 44.683452606201171875 33.935131072998046875 17.0205230712890625 312.108734130859375 225 116.5650482177734375 80.83765411376953125 70.85772705078125
279.09027099609375 261.193206787109375 241.8583984375 228.8140716552734375 219.3455810546875 224.4884490966796875 239.620880126953125 246.7442779541015625 251.5650482177734375 260.331329345703125 263.87579345703125 268.9583740234375 255.85052490234375 186.40435791015625 173.5460205078125 152.4471893310546875 351.450927734375 10.05731201171875 25.37774658203125 37.146686553955078125 24.16091156005859375 298.39300537109375 258.47625732421875 258.231689453125 283.091888427734375 275.37969970703125 254.0546112060546875 130.236358642578125 128.33038330078125 132.776031494140625 135.1773834228515625 155.418426513671875 181.54815673828125 174.926300048828125 162.26947021484375 152.7609100341796875 134.1987152099609375 140.042449951171875 134.4791412353515625 116.75414276123046875 154.440032958984375 165.9637451171875 171.25384521484375 166.231903076171875 146.742584228515625
268.53118896484375 245.5560455322265625 237.652557373046875 243.9966583251953125 252.718505859375 256.9306640625 250.9065093994140625 248.5522613525390625 253.0867767333984375 255.6745452880859375 239.834991455078125 229.5618133544921875 211.690826416015625 160.22564697265625 178.6739501953125 200.071533203125 209.054595947265625 198.019775390625 123.4398651123046875 97.86907958984375 112.6771392822265625 169.508514404296875 184.60009765625 195.3430328369140625 212.3889617919921875 216.933074951171875 199.7828369140625 146.689361572265625 113.9802703857421875 102.7020263671875 100.42071533203125 116.73456573486328125 164.864166259765625 184.74652099609375 193.970458984375 175.192047119140625 113.376800537109375 123.52447509765625 149.0362396240234375 151.898651123046875 149.9535675048828125 149.372772216796875 163.67315673828125 166.3902587890625 159.05029296875
223.090850830078125 225 239.349334716796875 247.135498046875 247.3801422119140625 245.725555419921875 244.732696533203125 249.227752685546875 257.10626220703125 260.76666259765625 248.9250335693359375 226.672393798828125 199.4255523681640625 142.03179931640625 164.61944580078125 206.7520904541015625 208.4199066162109375 195.3476409912109375 173.340789794921875 149.1457977294921875 132.1505279541015625 134.745361328125 167.24542236328125 197.10272216796875 212.586639404296875 213.852203369140625 195.82391357421875 170.952423095703125 135.62615966796875 106.8762664794921875 95.5275421142578125 94.3474578857421875 117.428741455078125 197.878692626953125 252.5528106689453125 308.44305419921875 33.98616790771484375 45.55625152587890625 53.95479583740234375 70.37155914306640625 83.34557342529296875 86.1859283447265625 84.98688507080078125 88.66777801513671875 101.3099365234375
241.9275054931640625 254.47589111328125 257.82855224609375 250.083587646484375 235.4599151611328125 227.726318359375 235.9886474609375 246.8014068603515625 252.4153900146484375 248.982696533203125 221.22772216796875 194.250030517578125 181.9873809814453125 148.9853515625 160.6410064697265625 210.29473876953125 204.1849365234375 186.65020751953125 178.6251678466796875 173.1788482666015625 157.7334136962890625 118.7059478759765625 128.959442138671875 189.4940185546875 214.359375 211.821075439453125 192.4142913818359375 188.2806854248046875 176.3217620849609375 126.450927734375 96.38416290283203125 88.69061279296875 94.208984375 203.875274658203125 261.58050537109375 269.309722900390625 73.1416015625 57.33908843994140625 49.205356597900390625 42.07927703857421875 42.13759613037109375 51.532135009765625 36.656108856201171875 33.34070587158203125 53.857959747314453125
268.15240478515625 252.6459808349609375 240.7086334228515625 228.9004974365234375 221.9335174560546875 225.7957305908203125 233.829742431640625 233.4711456298828125 234.3383941650390625 223.2465972900390625 195.01837158203125 181.8636322021484375 177.137603759765625 164.490020751953125 178.9429931640625 215.96051025390625 193.822052001953125 172.2664031982421875 174.726104736328125 187.5184326171875 188.339019775390625 138.51654052734375 116.3050079345703125 160.0168914794921875 211.49481201171875 212.59259033203125 195.5863037109375 199.9448699951171875 197.354034423828125 169.3006591796875 106.83747100830078125 74.37142181396484375 75.83123016357421875 121.6074981689453125 235.2801361083984375 202.1412353515625 180.392425537109375 206.3330841064453125 24.9779205322265625 31.705593109130859375 37.2977142333984375 37.8749847412109375 17.19295501708984375 17.61649322509765625 33.4653778076171875
265.236358642578125 242.3540191650390625 234.09027099609375 226.8476104736328125 234.926239013671875 242.7446746826171875 244.8552093505859375 244.133636474609375 242.715789794921875 224.325958251953125 191.129180908203125 181.0809326171875 175.6711273193359375 181.2188720703125 231.519805908203125 236.54669189453125 187.8355255126953125 146.093719482421875 148.163238525390625 199.1444549560546875 214.760223388671875 148.15093994140625 109.13364410400390625 123.05582427978515625 214.2156982421875 235.22216796875 224.55926513671875 225 222.053558349609375 205.0168914794921875 187.696044921875 75.28034210205078125 79.09765625 92.72631072998046875 220.0302581787109375 193.970458984375 214.1769866943359375 263.56524658203125 315.584625244140625 43.21009063720703125 56.362644195556640625 50.5171356201171875 22.16634368896484375 30.30268096923828125 50.67035675048828125
231.3401947021484375 225 227.8624114990234375 231.8427734375 243.9246368408203125 254.6044464111328125 263.79656982421875 256.60748291015625 240.5809173583984375 215.94927978515625 184.820770263671875 185.0721435546875 199.334808349609375 253.41265869140625 266.775482177734375 232.0012664794921875 183.918243408203125 129.805572509765625 114.38181304931640625 189.381500244140625 215.90972900390625 168.206573486328125 124.8159637451171875 126.1353759765625 213.19757080078125 246.5409698486328125 232.4715576171875 212.1522979736328125 211.69476318359375 208.565826416015625 204.1666259765625 125.5376739501953125 95.78829193115234375 93.56153106689453125 177.137603759765625 200.1794586181640625 245.8715972900390625 260.04937744140625 236.833648681640625 128.2901611328125 122.21866607666015625 131.46771240234375 159.10223388671875 130.1009063720703125 89.5626373291015625
222.5104522705078125 210.256439208984375 205.0168914794921875 215.837646484375 226.363922119140625 237.4259490966796875 235.23480224609375 213.4078216552734375 204.558197021484375 193.44287109375 180.757171630859375 187.18853759765625 211.67547607421875 223.0385894775390625 210.660064697265625 193.17254638671875 195.84307861328125 162.012664794921875 106.4675445556640625 144.648040771484375 188.972625732421875 176.458526611328125 155.282562255859375 154.3697509765625 198.19915771484375 225.65106201171875 206.980224609375 185.194427490234375 191.897216796875 199.3978118896484375 192.196197509765625 166.1009368896484375 122.538238525390625 96.1886138916015625 124.6409454345703125 195.58441162109375 237.7243499755859375 241.8316650390625 190.70135498046875 146.19097900390625 143.3438873291015625 157.9676971435546875 180 178.4176483154296875 161.5650482177734375
222.6140594482421875 202.166351318359375 199.6538238525390625 218.418060302734375 228.2704925537109375 228.2397003173828125 214.3302154541015625 200.11962890625 198.103759765625 193.535858154296875 183.8140716552734375 195.43963623046875 216.933074951171875 209.42218017578125 202.020599365234375 220.5328369140625 265.794647216796875 357.137603759765625 87.24457550048828125 103.88466644287109375 149.4702911376953125 171.12945556640625 164.511505126953125 163.9959564208984375 199.311859130859375 219.1652069091796875 200.492584228515625 175.640594482421875 185.235595703125 198.3221588134765625 188.5777130126953125 181.30938720703125 172.212982177734375 115.2011260986328125 98.0428924560546875 183.468231201171875 238.7938079833984375 222.36151123046875 176.13702392578125 144.2678375244140625 133.3939971923828125 154.3086700439453125 184.8645172119140625 199.025604248046875 203.886505126953125
219.2894134521484375 201.037506103515625 203.7494964599609375 225 235.124664306640625 228.468231201171875 216.027374267578125 213.1785125732421875 208.1785888671875 200.1363067626953125 189.9041748046875 198.4349517822265625 217.7756805419921875 234.4623260498046875 271.347900390625 296.083587646484375 310.65252685546875 41.284709930419921875 95.68798828125 107.6046295166015625 121.5268402099609375 151.620758056640625 166.26373291015625 168.9590606689453125 194.931427001953125 207.4464569091796875 193.877532958984375 173.941009521484375 178.4176483154296875 189.5895538330078125 184.332305908203125 189.983489990234375 196.415283203125 161.0123748779296875 124.50852203369140625 157.28558349609375 229.174774169921875 208.336517333984375 176.0740966796875 143.6156463623046875 99.86580657958984375 111.1048431396484375 176.71075439453125 208.474212646484375 200.88580322265625
243.4349517822265625 231.3401947021484375 236.3099365234375 245.5560455322265625 240.2551116943359375 229.763641357421875 222.7093963623046875 219.2894134521484375 219.805572509765625 233.426971435546875 249.4439544677734375 287.241455078125 296.5650634765625 290.658905029296875 283.201080322265625 285.4759521484375 297.328948974609375 84.7462005615234375 95.503204345703125 101.41335296630859375 112.4667510986328125 138.6913909912109375 166.1593017578125 172.8749847412109375 183.366455078125 190.40771484375 185.9644775390625 176.775482177734375 175.73211669921875 178.7811279296875 182.6897735595703125 203.2945556640625 202.4161376953125 172.6781005859375 148.790863037109375 155.5560455322265625 216.950927734375 198.6495361328125 183.680633544921875 180 126.8019256591796875 114.1209869384765625 153.0834503173828125 198.07232666015625 188.6156463623046875
