BASIN_DATA/DATA/7339001/morph_cr2soil/aspect.asc
ncols        384
nrows        512
xllcorner    -72.750000000000
yllcorner    -36.500000000000
cellsize     0.001953125000
NODATA_value  -9999
[rows 300 to 319 of 512, columns 180 to 224 of 384]
320.85601806640625 346.865966796875 358.363433837890625 342.1981201171875 347.00537109375 17.904449462890625 40.486011505126953125 76.82744598388671875 114.274444580078125 118.21735382080078125 64.440032958984375 343.926422119140625 5.59934234619140625 75.6997222900390625 81.5288543701171875 346.759490966796875 356.4964599609375 334.746826171875 318.468231201171875 340.6409912109375 356.987213134765625 326.888671875 312.51043701171875 357.08917236328125 39.596210479736328125 36.982906341552734375 350.394805908203125 315 350.272430419921875 17.4747772216796875 23.1985931396484375 15.25511932373046875 352.504150390625 352.504150390625 334.885162353515625 0 19.6538238525390625 356.1859130859375 343.6861572265625 358.191253662109375 28.810794830322265625 42.455196380615234375 74.74488067626953125 94.9697418212890625 58.240520477294921875
336.28265380859375 348.52447509765625 350.77264404296875 352.905242919921875 358.386474609375 48.731395721435546875 80.7274017333984375 98.53076171875 94.60009765625 26.175289154052734375 348.6900634765625 354.685455322265625 57.52880859375 87.5804901123046875 63.434947967529296875 315 351.52886962890625 329.6763916015625 307.303955078125 343.300750732421875 7.7335968017578125 343.072479248046875 324.03948974609375 341.5650634765625 63.0342864990234375 34.79602813720703125 348.6900634765625 343.495635986328125 336.66595458984375 357.473876953125 27.645977020263671875 17.32791900634765625 346.80938720703125 359.587799072265625 353.6597900390625 6.7098388671875 22.16634368896484375 345.9637451171875 333.66693115234375 2.20259857177734375 45.73451995849609375 61.96614837646484375 63.0342864990234375 42.064327239990234375 9.86580657958984375
338.7576904296875 350.455474853515625 5.23386383056640625 58.516567230224609375 132.1014251708984375 137.140899658203125 105.61939239501953125 67.47943115234375 13.71734619140625 350.590789794921875 356.26861572265625 28.47420501708984375 66.54097747802734375 60.94539642333984375 4.23639678955078125 327.011474609375 344.744873046875 334.3590087890625 293.498565673828125 318.69140625 358.479248046875 346.3099365234375 349.508514404296875 17.73052978515625 45.763896942138671875 6.76617431640625 326.48199462890625 342.89727783203125 335.13629150390625 338.57470703125 22.14804840087890625 17.723236083984375 340.91583251953125 357.081573486328125 10.61965179443359375 20.26049041748046875 20.1794586181640625 345.39874267578125 335.2564697265625 20.409881591796875 65.70903778076171875 55.45990753173828125 20.3441009521484375 16.798370361328125 32.152294158935546875
293.537109375 328.038665771484375 50.856014251708984375 77.66091156005859375 70.73070526123046875 62.94940185546875 31.55138397216796875 5.511474609375 11.4965667724609375 342.56719970703125 3.85063934326171875 49.033412933349609375 60.25511932373046875 24.0265045166015625 351.292633056640625 351.1353759765625 353.955902099609375 352.568603515625 304.562530517578125 308.480194091796875 343.228759765625 337.651885986328125 346.8753662109375 40.691333770751953125 38.71750640869140625 0.95484161376953125 340.01690673828125 319.205352783203125 323.74615478515625 320.79278564453125 14.10263824462890625 21.8936767578125 330.60662841796875 348.6900634765625 24.53772735595703125 27.1005096435546875 6.220947265625 350.65533447265625 351.79986572265625 26.94786834716796875 48.8424530029296875 37.626232147216796875 34.380344390869140625 79.87532806396484375 104.4897613525390625
272.009552001953125 300.352630615234375 40.780902862548828125 43.98602294921875 22.4615478515625 15.02710723876953125 358.75848388671875 358.025054931640625 22.048828125 348.989501953125 18.4349517822265625 61.84931182861328125 52.284023284912109375 10.56101226806640625 345.39874267578125 355.946441650390625 355.30133056640625 5.194427490234375 328.6900634765625 293.484130859375 312.51043701171875 309.447021484375 322.9434814453125 69.80941009521484375 34.9920196533203125 357.87890625 359.599334716796875 332.579833984375 323.054412841796875 308.202117919921875 0.323699951171875 17.38238525390625 327.975341796875 341.684906005859375 26.26663970947265625 15.582366943359375 357.473876953125 355.4752197265625 3.62546539306640625 36.369197845458984375 53.939563751220703125 64.155609130859375 100.2568206787109375 128.884490966796875 131.955230712890625
274.67742919921875 238.523162841796875 150.461212158203125 77.938690185546875 48.53955841064453125 14.03624725341796875 353.58538818359375 6.98848724365234375 29.327178955078125 359.1776123046875 26.323299407958984375 53.517230987548828125 45 10.6922149658203125 349.54010009765625 348.19757080078125 344.919219970703125 9.86580657958984375 7.6506500244140625 296.980224609375 286.14434814453125 287.987335205078125 316.6365966796875 55.69651031494140625 8.37866973876953125 352.26641845703125 351.708740234375 341.429290771484375 342.9560546875 327.25274658203125 351.7952880859375 4.8990936279296875 328.27325439453125 340.153106689453125 23.2729034423828125 2.30596923828125 354.71600341796875 2.63675689697265625 33.822086334228515625 68.87937164306640625 76.91277313232421875 85.99582672119140625 98.3438873291015625 106.96614837646484375 115.6410064697265625
209.22576904296875 185.3272857666015625 181.18292236328125 176.752655029296875 162.383514404296875 180 186.2034454345703125 171.869903564453125 168.02386474609375 196.990814208984375 93.57633209228515625 58.74491119384765625 32.2959747314453125 7.74471282958984375 358.555877685546875 352.842193603515625 344.95361328125 8.219207763671875 20.82855224609375 342.758544921875 329.215850830078125 313.00213623046875 330.52410888671875 11.6787872314453125 349.714630126953125 349.15264892578125 349.208831787109375 343.339141845703125 352.51910400390625 355.43475341796875 19.17900848388671875 56.309932708740234375 207.645965576171875 172.73675537109375 185.194427490234375 198.65362548828125 182.4292755126953125 163.191314697265625 134.725860595703125 123.940704345703125 111.2838134765625 104.0362396240234375 111.42529296875 115.79602813720703125 115.14478302001953125
201.4477386474609375 173.6598052978515625 183.15484619140625 192.709381103515625 171.232421875 173.601043701171875 179.1319580078125 178.96588134765625 180.424407958984375 186.9529571533203125 183.726654052734375 181.5207672119140625 355.3331298828125 0.987762451171875 3.39301300048828125 2.35329437255859375 353.453704833984375 2.23947906494140625 24.63446044921875 13.82865142822265625 349.438995361328125 289.133636474609375 303.08880615234375 339.612548828125 342.629241943359375 347.79241943359375 353.941009521484375 346.56182861328125 37.40535736083984375 117.9622344970703125 145.9228057861328125 169.1064453125 167.10626220703125 166.879608154296875 186.779571533203125 187.7304534912109375 179.0906219482421875 173.690032958984375 152.9334716796875 147.3321685791015625 144.8252716064453125 118.07248687744140625 98.9305877685546875 91.97493743896484375 97.96961212158203125
206.2947998046875 166.4090576171875 184.1081085205078125 212.997711181640625 191.0702056884765625 137.726318359375 150.255126953125 177.172882080078125 178.3999786376953125 190.5391845703125 220.802337646484375 252.5528106689453125 261.72412109375 251.5650482177734375 95.194427490234375 98.53076171875 209.744873046875 171.027374267578125 112.83365631103515625 133.6521148681640625 175.292144775390625 244.405975341796875 271.51312255859375 286.13726806640625 279.544525146484375 229.3160247802734375 154.0059814453125 155.82855224609375 156.1495361328125 151.0908203125 158.5784149169921875 168.7696533203125 153.687347412109375 157.270263671875 186.38037109375 192.885162353515625 182.04541015625 174.268310546875 151.2491455078125 147.69537353515625 164.197479248046875 130.97174072265625 93.12213134765625 91.81830596923828125 95.869598388671875
196.0560760498046875 175.46221923828125 189.96380615234375 218.899932861328125 199.7723541259765625 163.033843994140625 129.0684814453125 148.0552520751953125 178.45184326171875 231.1701812744140625 265.710845947265625 255.55596923828125 202.1094512939453125 182.6754302978515625 177.552947998046875 171.5630950927734375 181.46881103515625 175.0540313720703125 147.665069580078125 159.775146484375 195.179931640625 235.175506591796875 240.4221649169921875 200.0615692138671875 181.40966796875 184.101837158203125 170.97686767578125 155.495849609375 154.14361572265625 158.116546630859375 171.8057403564453125 170.78106689453125 141.8427734375 138.6265716552734375 186.02752685546875 202.1263427734375 182.806365966796875 174.0194091796875 150.7209320068359375 140.511474609375 175.0728912353515625 171.17962646484375 137.4110260009765625 121.96134185791015625 111.68228912353515625
203.325347900390625 197.318939208984375 220.0728912353515625 235.175506591796875 201.194061279296875 191.3099365234375 137.4366455078125 109.885162353515625 186.9529571533203125 262.32550048828125 263.011505126953125 219.0355072021484375 171.218841552734375 172.82275390625 178.726959228515625 178.6251678466796875 182.5791473388671875 165.465545654296875 127.63195037841796875 160.3013763427734375 236.633636474609375 244.7760772705078125 233.4711456298828125 173.224334716796875 166.5042724609375 187.707489013671875 175.179229736328125 140.411865234375 132.8676300048828125 159.851593017578125 201.5713043212890625 157.166351318359375 124.2156982421875 109.536651611328125 168.2748870849609375 206.053497314453125 174.71875 178.025054931640625 153.1380767822265625 118.5596160888671875 146.0702056884765625 170.41705322265625 134.1319580078125 112.71441650390625 105.06848907470703125
220.9143829345703125 218.0189361572265625 230.5275421142578125 229.3323211669921875 195.8323974609375 204.6768646240234375 167.5500030517578125 122.905242919921875 205.0168914794921875 254.9456787109375 239.178070068359375 186.21563720703125 162.7282562255859375 174.289398193359375 180 187.8152923583984375 184.763641357421875 167.19573974609375 121.55138397216796875 159.179107666015625 223.712677001953125 211.2283935546875 203.1985931396484375 165.9022216796875 163.641326904296875 185.39996337890625 180.8145751953125 145.573516845703125 126.86989593505859375 173.36749267578125 202.7509765625 159.0342864990234375 142.51214599609375 129.6441802978515625 158.962493896484375 193.392486572265625 171.46923828125 184.635467529296875 172.9716033935546875 134.0906219482421875 133.9583740234375 160.40771484375 141.581939697265625 122.988525390625 109.440032958984375
203.1985931396484375 204.717437744140625 212.47119140625 206.35821533203125 187.86907958984375 188.130096435546875 176.633544921875 160.2011260986328125 202.1094512939453125 228.0447845458984375 206.10174560546875 176.92254638671875 169.159698486328125 177.483123779296875 180.9391937255859375 184.8645172119140625 181.16912841796875 180.306396484375 151.2602081298828125 161.1048583984375 195.82391357421875 183.969268798828125 180.897979736328125 173.3375244140625 174.42779541015625 178.773681640625 180.840057373046875 169.4817962646484375 158.498565673828125 178.7939453125 183.366455078125 169.930938720703125 163.16607666015625 156.350982666015625 166.3994598388671875 183.521453857421875 180.4307861328125 181.33221435546875 178.6468048095703125 159.10223388671875 151.8583984375 162.030853271484375 154.5731201171875 142.594635009765625 120.9637603759765625
18.4349517822265625 296.5650634765625 225 208.53997802734375 190.097503662109375 185.0636138916015625 181.46881103515625 182.642547607421875 203.875274658203125 213.19757080078125 201.113494873046875 173.6598052978515625 163.53997802734375 169.159698486328125 176.455230712890625 180.4307861328125 177.345794677734375 182.792694091796875 161.34637451171875 157.2034759521484375 183.8140716552734375 174.2558441162109375 169.0888671875 172.7330474853515625 175.1260986328125 171.46923828125 179.5341796875 172.13092041015625 160.5885162353515625 173.1572265625 177.4208526611328125 167.0053863525390625 159.4439544677734375 153.4349517822265625 144.162353515625 168.1785125732421875 180 181.7899169921875 179.11859130859375 161.5650482177734375 146.3099365234375 138.366455078125 118.30075836181640625 90 71.5650482177734375
31.759479522705078125 14.03624725341796875 348.6900634765625 296.5650634765625 204.4439544677734375 190.0079803466796875 202.380126953125 212.905242919921875 216.46923828125 235.304840087890625 262.4761962890625 333.4349365234375 46.54815673828125 96.3401947021484375 146.8886566162109375 166.373016357421875 167.228759765625 174.225677490234375 161.952178955078125 150.78076171875 171.027374267578125 161.5650482177734375 108.4349517822265625 349.99200439453125 358.15240478515625 25.9065093994140625 20.77225494384765625 32.47119140625 52.765167236328125 45 12.2647705078125 18.4349517822265625 23.1985931396484375 33.23171234130859375 66.3706207275390625 90 135 186.3401947021484375 198.4349517822265625 18.4349517822265625 36.25383758544921875 49.39870452880859375 77.0053863525390625 116.5650482177734375 135
26.565052032470703125 6.8427734375 6.8427734375 13.39249420166015625 11.30992889404296875 0 315 306.25384521484375 322.594635009765625 284.931396484375 273.621490478515625 302.905242919921875 31.17134857177734375 58.547939300537109375 68.1985931396484375 88.02506256103515625 113.7494964599609375 129.289398193359375 142.1250152587890625 351.027374267578125 354.805572509765625 357.87890625 355.46221923828125 346.67547607421875 353.955902099609375 14.6763916015625 22.38013458251953125 30.963756561279296875 52.59464263916015625 48.179828643798828125 7.1250152587890625 34.69515228271484375 78.6900634765625 104.0362396240234375 107.52556610107421875 92.72631072998046875 8.13010406494140625 0 340.01690673828125 344.357757568359375 18.4349517822265625 45 66.2505035400390625 80.5376739501953125 315
22.7509765625 10.49147796630859375 12.2647705078125 19.9831085205078125 18.4349517822265625 5.71059417724609375 343.300750732421875 315 331.927520751953125 338.1986083984375 266.081756591796875 266.93353271484375 49.57392120361328125 70.16786956787109375 48.691387176513671875 33.05582427978515625 51.483074188232421875 57.80426788330078125 329.743560791015625 326.633636474609375 345.9637451171875 352.1846923828125 341.5650634765625 334.707977294921875 346.48748779296875 13.17255401611328125 32.680553436279296875 46.974933624267578125 62.52556610107421875 70.3461761474609375 116.5650482177734375 129.289398193359375 110.77225494384765625 112.52056884765625 112.16634368896484375 350.537689208984375 343.810791015625 0 350.837646484375 0 57.52880859375 86.1859283447265625 90 80.5376739501953125 329.0362548828125
18.4349517822265625 15.52410888671875 14.03624725341796875 17.24146270751953125 15.94539642333984375 4.0856170654296875 341.5650634765625 322.125 340.906494140625 13.73626708984375 291.25048828125 245.4622650146484375 191.7251129150390625 66.5713043212890625 11.1214599609375 23.29946136474609375 49.763641357421875 45 318.8140869140625 329.0362548828125 353.254425048828125 353.79656982421875 342.323883056640625 324.462310791015625 334.069183349609375 33.1113433837890625 64.04662322998046875 62.571258544921875 49.484607696533203125 41.00908660888671875 25.3461761474609375 29.74488067626953125 63.434947967529296875 76.82744598388671875 57.994617462158203125 306.869903564453125 308.6597900390625 0 0 54.462322235107421875 86.987213134765625 101.3099365234375 102.094757080078125 81.86989593505859375 315
10.0079803466796875 15.64225006103515625 16.1134185791015625 15.01836395263671875 11.30992889404296875 1.39717864990234375 333.004150390625 323.93060302734375 349.59228515625 20.854461669921875 13.17255401611328125 240.52410888671875 209.98162841796875 267.70941162109375 330.52410888671875 29.791961669921875 60.037815093994140625 52.59464263916015625 303.310638427734375 312.82525634765625 348.486175537109375 353.96673583984375 347.47119140625 331.504364013671875 334.746826171875 68.33404541015625 56.57518768310546875 31.27770233154296875 33.043415069580078125 45.86804962158203125 53.8806610107421875 86.42366790771484375 103.3925018310546875 96.63251495361328125 18.4349517822265625 323.53076171875 349.695159912109375 23.1985931396484375 71.5650482177734375 125.5376739501953125 109.6538238525390625 109.3589935302734375 108.4349517822265625 45 45
1.7357025146484375 13.3392486572265625 21.54097747802734375 14.2645111083984375 8.13010406494140625 0 326.0701904296875 306.869903564453125 337.067901611328125 12.52880859375 19.885162353515625 25.08359527587890625 11.30992889404296875 254.511505126953125 258.49517822265625 79.04593658447265625 81.05724334716796875 59.2645111083984375 302.96942138671875 288.047821044921875 295.20111083984375 315 322.2369384765625 339.829345703125 15.8519287109375 31.17134857177734375 27.181110382080078125 40.502849578857421875 65.4722747802734375 73.8865814208984375 70.974395751953125 87.87890625 106.2602081298828125 105.642242431640625 311.633544921875 325.124664306640625 353.04705810546875 23.5522613525390625 42.510448455810546875 90 117.1811065673828125 119.74488067626953125 116.5650482177734375 -9999 18.4349517822265625
