BASIN_DATA/DATA/7339001/morph_cr2soil/aspect.asc
ncols        384
nrows        512
xllcorner    -72.750000000000
yllcorner    -36.500000000000
cellsize     0.001953125000
NODATA_value  -9999
[rows 420 to 439 of 512, columns 0 to 44 of 384]
5.16381072998046875 18.720947265625 207.672088623046875 218.842529296875 215.7327117919921875 235.7843017578125 282.680389404296875 310.275543212890625 334.746826171875 126.027374267578125 141.8013153076171875 163.27203369140625 225.9710235595703125 275.42523193359375 306.747467041015625 325.304840087890625 357.049224853515625 352.875 330.66815185546875 343.705963134765625 3.36646270751953125 344.98162841796875 344.57781982421875 55.619655609130859375 52.386043548583984375 81.674346923828125 115.58453369140625 128.429443359375 125.748016357421875 118.5706939697265625 90.2850494384765625 73.16606903076171875 34.950653076171875 359.012237548828125 32.905242919921875 37.146686553955078125 278.53076171875 273.366455078125 80.5376739501953125 97.07891845703125 130.601287841796875 147.52880859375 319.763641357421875 315 335.35321044921875
10.63934326171875 35.6782073974609375 37.637409210205078125 299.2913818359375 233.2823486328125 233.6553955078125 241.902313232421875 220.3417510986328125 169.2868804931640625 153.645599365234375 152.0784759521484375 241.699249267578125 298.300750732421875 293.4774169921875 265.1260986328125 212.905242919921875 175.95550537109375 209.9315185546875 256.23919677734375 285.255126953125 19.885162353515625 67.932098388671875 159.775146484375 140.9061431884765625 106.55706787109375 57.994617462158203125 64.6538238525390625 77.2635955810546875 85.74616241455078125 64.29004669189453125 54.54038238525390625 41.520084381103515625 356.478546142578125 0.54914093017578125 18.6717071533203125 23.71735382080078125 349.00750732421875 282.144287109375 115.67681884765625 103.32453155517578125 91.1233062744140625 329.0362548828125 317.5447998046875 303.055816650390625 305.53765869140625
3.70462799072265625 55.87145233154296875 51.987476348876953125 38.921962738037109375 255.9637603759765625 241.80401611328125 247.0987548828125 232.4453277587890625 150.592803955078125 128.618438720703125 169.7960205078125 277.19720458984375 294.86370849609375 284.16217041015625 220.236358642578125 190.8640594482421875 203.025482177734375 240.2551116943359375 252.790435791015625 251.5650482177734375 176.1859283447265625 105.94539642333984375 133.18170166015625 210.379119873046875 333.924652099609375 16.6450347900390625 52.765167236328125 70.2459716796875 71.1708221435546875 65.5560455322265625 88.79816436767578125 40.710845947265625 319.9532470703125 2.02732086181640625 31.516941070556640625 41.25383758544921875 40.42607879638671875 86.1859283447265625 115.0168914794921875 106.97550201416015625 71.5650482177734375 306.027374267578125 312.51043701171875 307.40533447265625 277.792083740234375
330.8519287109375 57.443332672119140625 47.106922149658203125 36.25383758544921875 33.0379486083984375 271.3199462890625 248.2152557373046875 223.5471649169921875 165.911712646484375 145.933807373046875 204.695526123046875 253.874114990234375 246.2505035400390625 233.6156463623046875 225 301.37298583984375 313.06939697265625 325.46917724609375 313.72698974609375 305.0279541015625 341.896240234375 34.131473541259765625 24.75337982177734375 346.349578857421875 338.72039794921875 22.7509765625 68.33404541015625 68.8683319091796875 53.095523834228515625 39.59166717529296875 49.70361328125 342.181121826171875 315.25927734375 4.17298126220703125 38.488979339599609375 46.26599884033203125 38.418056488037109375 33.85710906982421875 56.73308563232421875 62.40270233154296875 54.86580657958984375 285.94537353515625 293.68206787109375 330.708648681640625 285.52410888671875
321.645263671875 25.57729339599609375 18.51541900634765625 20.40167236328125 32.217555999755859375 32.870922088623046875 236.5441741943359375 204.8636932373046875 176.403289794921875 178.4669036865234375 204.6858367919921875 231.6029205322265625 220.0020599365234375 208.3304595947265625 231.2344818115234375 288.92462158203125 313.45184326171875 328.05523681640625 310.98583984375 288.113067626953125 303.8453369140625 15.70864105224609375 15.94539642333984375 10.56101226806640625 8.91492462158203125 37.613956451416015625 52.792079925537109375 35.09581756591796875 26.447399139404296875 31.739139556884765625 27.645977020263671875 339.70928955078125 334.17901611328125 12.68426513671875 39.762523651123046875 35.8033447265625 14.9428863525390625 27.699474334716796875 52.754283905029296875 59.6012725830078125 32.31961822509765625 310.42608642578125 305.8111572265625 334.334808349609375 6.3401947021484375
283.7816162109375 332.78387451171875 2.48955535888671875 25.16786956787109375 44.514453887939453125 40.794643402099609375 14.4391632080078125 358.66778564453125 163.647613525390625 202.5795745849609375 223.11181640625 235.8685302734375 226.1934967041015625 222.76519775390625 248.962493896484375 257.29290771484375 226.4687957763671875 197.7838897705078125 211.13897705078125 232.2750091552734375 221.3861236572265625 182.726318359375 169.438995361328125 147.042572021484375 148.2985687255859375 141.3401947021484375 37.8749847412109375 358.74554443359375 24.56104278564453125 49.729526519775390625 18.3264312744140625 330.45758056640625 347.51190185546875 59.547039031982421875 84.87964630126953125 97.77913665771484375 155.854461669921875 64.7988739013671875 61.47997283935546875 53.171234130859375 29.981639862060546875 327.99462890625 298.83551025390625 316.84759521484375 106.32685089111328125
313.567901611328125 305.2933349609375 333.799896240234375 41.478546142578125 70.8128509521484375 45.487613677978515625 11.02953338623046875 19.78427886962890625 17.61966705322265625 355.222686767578125 329.5142822265625 307.65472412109375 315.353668212890625 280.275360107421875 260.31121826171875 250.4160003662109375 245.1363067626953125 272.726318359375 279.72760009765625 270.59063720703125 195.572540283203125 168.536041259765625 183.7152862548828125 175.3331451416015625 160.769317626953125 263.6597900390625 320.194427490234375 327.925994873046875 27.072078704833984375 57.322498321533203125 4.62236785888671875 317.03631591796875 19.69202423095703125 59.8986968994140625 63.5106353759765625 72.57456207275390625 132.2297821044921875 166.122467041015625 130.573028564453125 88.9677581787109375 75.6997222900390625 173.6598052978515625 218.190948486328125 182.009552001953125 131.260498046875
330.1409912109375 319.8792724609375 342.095550537109375 66.8014068603515625 84.02843475341796875 18.7257843017578125 336.8013916015625 16.14719390869140625 13.8431854248046875 6.81435394287109375 356.451324462890625 328.16473388671875 347.997711181640625 351.11932373046875 262.96502685546875 255.5297088623046875 268.76361083984375 302.47119140625 316.48785400390625 313.9390869140625 103.1092071533203125 133.1523895263671875 232.2750091552734375 258.111328125 307.875 273.012786865234375 268.4925537109375 295.01690673828125 348.8785400390625 33.87081146240234375 13.8479766845703125 307.25531005859375 21.03751373291015625 48.65776824951171875 42.95458984375 52.401805877685546875 71.4771728515625 121.8659820556640625 162.20880126953125 149.863800048828125 155.7941131591796875 167.082183837890625 184.859619140625 186.061798095703125 137.6541900634765625
257.7352294921875 274.89910888671875 318.2705078125 59.20676422119140625 68.58702850341796875 331.9051513671875 307.246826171875 359.315216064453125 10.9228057861328125 15.92594146728515625 14.727447509765625 342.4991455078125 353.0272216796875 29.93151092529296875 295.09625244140625 245.1768646240234375 221.48931884765625 215.92523193359375 214.0771942138671875 190.954071044921875 139.455596923828125 57.994617462158203125 309.6678466796875 338.4287109375 146.3099365234375 262.568603515625 288.4349365234375 299.57781982421875 313.06939697265625 24.193206787109375 48.270488739013671875 316.2188720703125 312.5633544921875 39.417392730712890625 46.032245635986328125 63.056941986083984375 68.46921539306640625 69.37646484375 96.1060943603515625 134.627960205078125 157.425872802734375 156.3543701171875 178.135223388671875 190.491485595703125 162.707550048828125
273.215484619140625 281.5751953125 293.4287109375 51.146625518798828125 49.267894744873046875 329.995086669921875 290.415130615234375 312.82525634765625 356.295379638671875 23.76938629150390625 25.78290557861328125 7.86142730712890625 1.7534027099609375 24.83739471435546875 22.2490234375 278.9149169921875 245.8790130615234375 238.642913818359375 230.300933837890625 237.308013916015625 337.619873046875 330.880126953125 335.170654296875 15.59281158447265625 22.58385467529296875 322.9434814453125 310.38934326171875 316.123291015625 307.5394287109375 26.9657135009765625 84.05847930908203125 144.4623260498046875 254.2913665771484375 45 75.59331512451171875 80.226776123046875 78.9964599609375 77.19573211669921875 67.2816619873046875 54.238292694091796875 40.42607879638671875 61.28491973876953125 108.4349517822265625 164.5965728759765625 179.5626373291015625
300.256439208984375 298.495635986328125 283.5704345703125 18.4349517822265625 36.596630096435546875 348.943603515625 273.052886962890625 268.3153076171875 301.82745361328125 16.8762664794921875 13.804901123046875 13.97522735595703125 13.1610565185546875 20.3914947509765625 30.6926422119140625 8.64279937744140625 299.89044189453125 304.438995361328125 318.06646728515625 316.37481689453125 329.65673828125 325.664581298828125 335.854461669921875 32.784282684326171875 20.820892333984375 337.4427490234375 299.26800537109375 265.48602294921875 260.073760986328125 124.4608154296875 108.201568603515625 148.3602142333984375 205.75811767578125 176.5526123046875 148.6269989013671875 125.15244293212890625 99.8603515625 83.36052703857421875 48.67169952392578125 46.562225341796875 44.246150970458984375 45.895172119140625 71.41506195068359375 102.55755615234375 196.4486083984375
242.52557373046875 245.224853515625 262.349365234375 308.0189208984375 41.308612823486328125 79.01934814453125 247.9057769775390625 247.8097076416015625 216.3136444091796875 208.201629638671875 281.3099365234375 15.55457305908203125 19.885162353515625 16.98210906982421875 36.71059417724609375 32.57405853271484375 313.8065185546875 293.90203857421875 311.112091064453125 305.439910888671875 295.01690673828125 284.808380126953125 186.009002685546875 133.4306488037109375 151.8583984375 171.5288543701171875 181.284454345703125 202.181976318359375 192.8148956298828125 159.11419677734375 136.038482666015625 148.1575469970703125 184.78253173828125 173.7862396240234375 166.353515625 168.5304718017578125 121.13897705078125 102.24912261962890625 116.7146453857421875 110.0952301025390625 112.036224365234375 111.29735565185546875 95.8773956298828125 92.09015655517578125 279.293304443359375
245.854461669921875 217.8749847412109375 256.52215576171875 278.79052734375 92.95078277587890625 110.65891265869140625 250.3128814697265625 266.2359619140625 257.6192626953125 251.5650482177734375 260.928497314453125 294.4439697265625 14.6567535400390625 18.4349517822265625 50.806728363037109375 33.009166717529296875 338.657989501953125 303.0091552734375 284.0362548828125 261.11932373046875 215.41705322265625 190.0079803466796875 177.4266357421875 149.5470428466796875 159.887420654296875 164.61285400390625 176.78778076171875 199.536651611328125 173.37347412109375 160.215728759765625 154.736907958984375 149.223846435546875 171.9727630615234375 170.004974365234375 168.29156494140625 191.9908447265625 163.416168212890625 126.9987945556640625 138.6063079833984375 142.44140625 151.6351165771484375 146.3099365234375 127.9421539306640625 116.98023223876953125 237.80426025390625
242.8562164306640625 211.44622802734375 250.7225341796875 226.76239013671875 130.236358642578125 142.9696044921875 265.5526123046875 283.455841064453125 321.170166015625 303.4078369140625 267.662689208984375 215.134185791015625 193.626983642578125 181.974945068359375 79.9920196533203125 24.92847442626953125 332.42987060546875 332.300537109375 225 177.90985107421875 175.0540313720703125 190.329681396484375 189.162353515625 132.6015777587890625 144.9777069091796875 153.514862060546875 175.6875 194.29449462890625 159.8339080810546875 154.758056640625 159.2681121826171875 150.8061981201171875 160.093353271484375 165.506134033203125 160.2711181640625 186.960113525390625 184.438720703125 149.743560791015625 129.200775146484375 141.157470703125 164.712554931640625 155.1517486572265625 144.95062255859375 149.322723388671875 238.2405242919921875
219.9680633544921875 241.776519775390625 262.2030029296875 158.895172119140625 135 189.605194091796875 251.4130706787109375 235.1407928466796875 189.95806884765625 193.7530670166015625 199.9255828857421875 182.8783721923828125 195.488494873046875 194.620880126953125 149.620880126953125 180 199.2495269775390625 177.797393798828125 165.5608367919921875 158.2945556640625 171.31024169921875 209.107177734375 187.0012664794921875 129.109375 141.823455810546875 150.9075469970703125 169.8677978515625 183.61187744140625 148.0582427978515625 148.5316925048828125 153.4349517822265625 153.5126953125 160.6121978759765625 171.4805755615234375 154.6778564453125 158.1985931396484375 183.1975555419921875 168.2489166259765625 144.95062255859375 139.3250579833984375 159.1253509521484375 152.241455078125 143.595916748046875 190.9390869140625 267.79742431640625
226.0479736328125 251.4485931396484375 247.5625457763671875 134.65692138671875 139.57391357421875 214.237457275390625 224.67071533203125 201.682281494140625 182.706512451171875 190.208221435546875 195.5110931396484375 191.938140869140625 202.81597900390625 179.127532958984375 166.34033203125 181.8328399658203125 178.71746826171875 176.745880126953125 175.287353515625 154.958892822265625 172.746795654296875 207.8781890869140625 177.54595947265625 133.03857421875 143.130096435546875 151.5489501953125 163.1343994140625 175.492218017578125 142.72662353515625 141.77215576171875 136.7357025146484375 139.8990936279296875 155.1363067626953125 178.08172607421875 161.38140869140625 136.497589111328125 160.091522216796875 157.804534912109375 149.24560546875 137.42633056640625 80.13419342041015625 65.70903778076171875 82.60040283203125 227.5447998046875 247.4993896484375
280.304840087890625 238.650421142578125 204.658660888671875 149.3744659423828125 159.274444580078125 289.736907958984375 286.0323486328125 235.5391845703125 195.255126953125 220.9858245849609375 226.5074310302734375 227.321533203125 206.8472900390625 146.9151458740234375 163.009185791015625 211.759490966796875 141.809051513671875 150.321502685546875 171.46923828125 163.15069580078125 172.5086669921875 198.626251220703125 177.7571868896484375 143.697967529296875 146.5751953125 149.3354339599609375 132.83892822265625 135 74.74488067626953125 55.51262664794921875 49.021991729736328125 41.44582366943359375 50.906139373779296875 103.90268707275390625 161.861907958984375 125.5376739501953125 112.77497100830078125 124.1314697265625 138.012786865234375 192.200469970703125 281.888671875 60.8519287109375 70.83287811279296875 95.389312744140625 232.516448974609375
20.0952301025390625 282.2647705078125 195.82391357421875 192.225128173828125 291.4820556640625 313.5855712890625 343.27203369140625 354.225677490234375 356.423675537109375 355.156005859375 321.63250732421875 255.256439208984375 169.508514404296875 135 254.0546112060546875 303.6900634765625 55.25119781494140625 95.920623779296875 136.4687957763671875 163.7171173095703125 172.314483642578125 191.028045654296875 179.489959716796875 155.501434326171875 164.98162841796875 181.15966796875 186.26348876953125 241.9275054931640625 17.52556610107421875 70.04620361328125 72.3777008056640625 53.310276031494140625 75.75653839111328125 98.8607177734375 173.8113861083984375 310.91436767578125 76.10282135009765625 98.806793212890625 125.63980865478515625 201.194061279296875 195.697784423828125 157.4054107666015625 122.3741607666015625 111.19405364990234375 258.055816650390625
49.490451812744140625 71.399932861328125 240.2551116943359375 277.431396484375 278.5836181640625 274.53778076171875 296.00335693359375 351.11932373046875 2.81555938720703125 36.469234466552734375 31.759479522705078125 229.763641357421875 124.76519775390625 141.3401947021484375 264.805572509765625 280.840301513671875 70.43621826171875 83.45371246337890625 92.48955535888671875 125.933502197265625 158.1985931396484375 194.3699951171875 180 134.607574462890625 155.3231353759765625 186.1060943603515625 203.39776611328125 238.3767547607421875 211.373016357421875 103.64723968505859375 143.53076171875 153.4349517822265625 110.598175048828125 107.6867218017578125 222.95458984375 277.06671142578125 80.8077545166015625 87.70938873291015625 92.2457427978515625 149.4702911376953125 168.6900634765625 165.17352294921875 139.6668548583984375 137.202606201171875 264.536163330078125
59.63236236572265625 65.40422821044921875 2.53356170654296875 287.44720458984375 255.5406036376953125 247.833648681640625 231.8182220458984375 195.1240081787109375 183.12213134765625 135 357.51043701171875 17.30052947998046875 77.19573211669921875 105.94539642333984375 233.74615478515625 213.231719970703125 151.6012420654296875 116.90407562255859375 107.114532470703125 122.5248870849609375 153.16595458984375 193.392486572265625 163.1416015625 135.6062774658203125 154.2228546142578125 185.946868896484375 217.5853729248046875 238.8406982421875 200.88580322265625 114.31047821044921875 133.5942535400390625 162.397369384765625 132.7365264892578125 120.36763763427734375 233.130096435546875 227.5791473388671875 115.04840850830078125 82.30394744873046875 53.530765533447265625 58.82865142822265625 53.13010406494140625 19.7222747802734375 51.146625518798828125 57.200469970703125 253.024505615234375
