BASIN_DATA/DATA/7339001/morph_cr2soil/aspect.asc
ncols        384
nrows        512
xllcorner    -72.750000000000
yllcorner    -36.500000000000
cellsize     0.001953125000
NODATA_value  -9999
[rows 0 to 19 of 512, columns 90 to 134 of 384]
-9999 -9999 -9999 -9999 -9999 -9999 -9999 -9999 -9999 -9999 -9999 -9999 -9999 -9999 -9999 -9999 -9999 -9999 -9999 -9999 -9999 -9999 -9999 -9999 -9999 293.8951416015625 275.9061279296875 265.95550537109375 274.289154052734375 282.34918212890625 297.699462890625 268.7811279296875 261.26544189453125 267.1485595703125 298.44293212890625 20.89776611328125 28.6104583740234375 26.916553497314453125 3.67449951171875 329.0362548828125 350.475341796875 13.95034027099609375 347.319610595703125 326.3099365234375 338.90203857421875
-9999 -9999 -9999 -9999 -9999 -9999 -9999 -9999 -9999 -9999 -9999 -9999 -9999 -9999 -9999 -9999 -9999 -9999 -9999 -9999 -9999 -9999 -9999 -9999 310.42608642578125 302.347442626953125 289.48614501953125 285.67950439453125 289.11297607421875 301.9581298828125 333.097259521484375 332.650115966796875 278.412353515625 260.3203125 253.8865814208984375 342.89727783203125 7.1250152587890625 358.4234619140625 351.869903564453125 327.288330078125 339.25390625 6.04409027099609375 352.512603759765625 331.750274658203125 345.004913330078125
-9999 -9999 -9999 -9999 -9999 -9999 -9999 -9999 -9999 -9999 -9999 -9999 -9999 -9999 -9999 -9999 -9999 -9999 -9999 -9999 -9999 -9999 -9999 315 312.7542724609375 312.337005615234375 302.905242919921875 294.749359130859375 287.47479248046875 282.575469970703125 296.72735595703125 335.26568603515625 288.019775390625 261.80194091796875 248.0851287841796875 257.39984130859375 322.125 341.064666748046875 353.1300048828125 343.705963134765625 326.3099365234375 341.281402587890625 0.3794403076171875 352.303955078125 335.35321044921875
-9999 -9999 -9999 -9999 -9999 -9999 -9999 -9999 -9999 -9999 -9999 -9999 -9999 -9999 -9999 -9999 -9999 -9999 -9999 -9999 -9999 -9999 334.384521484375 326.72509765625 317.792724609375 308.2901611328125 289.3590087890625 275.9061279296875 265.364532470703125 257.42108154296875 243.13018798828125 239.250030517578125 277.431396484375 285.78076171875 284.47027587890625 294.381805419921875 310.179229736328125 313.386474609375 338.070404052734375 4.289154052734375 326.3099365234375 292.2490234375 347.7352294921875 18.01976776123046875 332.281494140625
-9999 -9999 -9999 -9999 -9999 -9999 -9999 -9999 -9999 -9999 -9999 -9999 -9999 -9999 -9999 -9999 -9999 -9999 -9999 -9999 -9999 309.053131103515625 325.080596923828125 337.166351318359375 305.53765869140625 284.743560791015625 279.46234130859375 271.35321044921875 264.47247314453125 265.257080078125 266.58905029296875 270.48968505859375 278.841796875 292.78240966796875 299.2113037109375 304.658355712890625 325.080596923828125 325.619659423828125 323.9149169921875 15.4221649169921875 11.30992889404296875 275.440338134765625 290.376434326171875 11.5921783447265625 0
-9999 -9999 -9999 -9999 -9999 -9999 -9999 -9999 -9999 -9999 -9999 -9999 -9999 -9999 0 358.994903564453125 354.4400634765625 356.455230712890625 12.011474609375 6.8427734375 289.23065185546875 274.6859130859375 260.21759033203125 248.1985931396484375 305.134185791015625 306.869903564453125 282.52880859375 280.7843017578125 284.0362548828125 279.665069580078125 279.65185546875 267.1658935546875 259.159698486328125 259.883544921875 267.410491943359375 273.8568115234375 296.5650634765625 327.757537841796875 326.97613525390625 4.6668548583984375 25.78733062744140625 316.6846923828125 267.108734130859375 304.99200439453125 3.012786865234375
-9999 -9999 -9999 -9999 -9999 -9999 -9999 315 331.990814208984375 330.75115966796875 350.90972900390625 28.810794830322265625 347.619232177734375 327.90740966796875 356.081756591796875 1.54815673828125 351.869903564453125 354.20721435546875 37.613956451416015625 55.784297943115234375 288.4349365234375 265.76361083984375 221.1859283447265625 260.53765869140625 292.932098388671875 328.392486572265625 281.633636474609375 276.1591796875 280.394317626953125 278.94537353515625 275.11041259765625 254.7448883056640625 257.17120361328125 260.77264404296875 263.717529296875 264.805572509765625 268.99493408203125 287.0205078125 292.456939697265625 349.508514404296875 48.691387176513671875 45 258.111328125 254.7448883056640625 279.46234130859375
-9999 -9999 -9999 -9999 -9999 -9999 290.297576904296875 307.875 332.10272216796875 331.14434814453125 28.300754547119140625 76.4295654296875 301.60748291015625 297.07208251953125 338.1986083984375 2.48955535888671875 342.89727783203125 345.9637451171875 55.175510406494140625 58.2985687255859375 343.810791015625 289.98309326171875 324.462310791015625 284.858612060546875 272.04541015625 280.00799560546875 285.52410888671875 279.72760009765625 277.696044921875 277.7403564453125 279.74365234375 286.78265380859375 281.859771728515625 279.52728271484375 276.645263671875 264.1175537109375 256.75946044921875 269.236083984375 287.723236083984375 329.0362548828125 42.39743804931640625 37.11685943603515625 326.97613525390625 256.89080810546875 242.19854736328125
-9999 -9999 -9999 -9999 -9999 303.6900634765625 301.1593017578125 313.23760986328125 334.98309326171875 356.308624267578125 43.492565155029296875 24.4439544677734375 326.82147216796875 321.009002685546875 348.02386474609375 354.805572509765625 354.0938720703125 6.3401947021484375 61.260204315185546875 58.73626708984375 0 323.130096435546875 340.34619140625 297.64599609375 289.17901611328125 306.46923828125 306.689727783203125 305.02227783203125 289.2447509765625 279.415618896484375 287.281494140625 296.5650634765625 290.58251953125 292.35968017578125 299.59228515625 280.840301513671875 257.3004150390625 271.27301025390625 295.267303466796875 328.86102294921875 14.743560791015625 25.75812530517578125 17.4471893310546875 336.037506103515625 292.5572509765625
-9999 -9999 -9999 319.398712158203125 321.3402099609375 311.682220458984375 308.6597900390625 303.906280517578125 300.379119873046875 86.987213134765625 70.3461761474609375 3.57633209228515625 323.74615478515625 305.53765869140625 325.304840087890625 0 33.690067291259765625 94.39870452880859375 115.3461761474609375 115.70995330810546875 318.1798095703125 330.642242431640625 335.772247314453125 322.765167236328125 318.73138427734375 307.97161865234375 303.98291015625 310.64300537109375 300.335540771484375 288.962188720703125 307.9542236328125 308.395172119140625 285.975067138671875 282.33294677734375 292.999298095703125 328.240509033203125 262.942138671875 254.407196044921875 255.6997222900390625 265.3331298828125 335.5560302734375 23.08513641357421875 19.0934906005859375 0.71616363525390625 345.0413818359375
-9999 -9999 310.601287841796875 315 322.22430419921875 319.455596923828125 316.0609130859375 304.114471435546875 233.130096435546875 108.4349517822265625 45 344.744873046875 303.6900634765625 270 213.6900634765625 175.601287841796875 143.74615478515625 137.3859405517578125 110.5560455322265625 3.8140716552734375 306.25384521484375 317.662994384765625 327.85809326171875 340.6258544921875 354.136138916015625 334.77606201171875 296.38983154296875 296.952178955078125 301.09222412109375 294.312347412109375 309.454681396484375 313.228515625 285.70098876953125 267.29705810546875 256.7391357421875 281.3099365234375 270 238.516571044921875 233.4123382568359375 238.58599853515625 259.508544921875 342.55279541015625 8.35434722900390625 4.23639678955078125 359.6102294921875
-9999 315 312.207275390625 311.8636474609375 316.6602783203125 316.33221435546875 301.60748291015625 276.3402099609375 225 323.130096435546875 12.52880859375 5.71059417724609375 333.4349365234375 11.30992889404296875 315 143.130096435546875 135 143.74615478515625 332.74468994140625 345.784149169921875 338.72039794921875 324.544525146484375 322.750030517578125 335.312835693359375 358.7811279296875 9.34467315673828125 336.44775390625 292.33544921875 293.82427978515625 291.4384765625 298.300750732421875 293.62939453125 280.9442138671875 278.38323974609375 277.167236328125 288.904571533203125 18.4349517822265625 264.2894287109375 262.0565185546875 270.584625244140625 279.162353515625 298.379241943359375 338.805938720703125 2.3859405517578125 4.92061614990234375
305.53765869140625 304.875335693359375 302.96942138671875 302.845062255859375 300.9637451171875 275.7105712890625 258.6900634765625 239.0362396240234375 278.130096435546875 285.255126953125 333.4349365234375 33.690067291259765625 345.9637451171875 348.6900634765625 0 75.465545654296875 95.9061431884765625 305.53765869140625 304.380340576171875 321.49932861328125 333.02471923828125 328.79949951171875 321.44158935546875 324.63116455078125 347.52490234375 17.028411865234375 13.6958770751953125 332.25897216796875 292.849761962890625 288.615692138671875 305.8111572265625 295.083587646484375 287.539794921875 293.55224609375 297.64599609375 306.753662109375 0.8069305419921875 339.5196533203125 290.35833740234375 278.5172119140625 277.6185302734375 280.684906005859375 290.942657470703125 340.2777099609375 1.39717864990234375
302.47119140625 301.5513916015625 297.64599609375 297.718505859375 312.1375732421875 318.012786865234375 332.10272216796875 335.5560302734375 315 315 300.9637451171875 348.6900634765625 339.775146484375 356.1859130859375 90 90 48.366458892822265625 300.379119873046875 287.15240478515625 298.4791259765625 315.36260986328125 323.74615478515625 326.486572265625 328.36395263671875 339.062713623046875 13.70696258544921875 12.42594146728515625 10.2490234375 336.540985107421875 273.59356689453125 300.465545654296875 315.584625244140625 292.1263427734375 270.36492919921875 249.9812469482421875 256.0972900390625 307.746826171875 335.282562255859375 319.47491455078125 286.86865234375 264.65692138671875 252.2351531982421875 239.0362396240234375 228.8140716552734375 265.364532470703125
300.17352294921875 300.068603515625 301.184967041015625 309.14398193359375 329.0362548828125 315 158.1985931396484375 173.1572265625 222.273681640625 248.1985931396484375 300.9637451171875 294.4439697265625 306.869903564453125 95.194427490234375 112.38013458251953125 45 5.5275421142578125 332.74468994140625 291.44775390625 288.60247802734375 293.1986083984375 301.12628173828125 317.087982177734375 328.255859375 344.744873046875 20.96106719970703125 357.015716552734375 19.20397186279296875 33.432559967041015625 291.8013916015625 260.980682373046875 252.2553253173828125 256.949951171875 254.2488250732421875 263.38653564453125 270.8680419921875 277.721832275390625 292.4329833984375 312.337005615234375 310.76361083984375 282.724365234375 257.94921875 240.9453887939453125 240.802520751953125 245.955780029296875
294.4439697265625 281.0035400390625 262.40533447265625 225 171.869903564453125 176.2847137451171875 179.169677734375 176.633544921875 237.200469970703125 261.869903564453125 341.5650634765625 270 258.6900634765625 68.1985931396484375 32.905242919921875 343.072479248046875 0 317.29058837890625 290.5560302734375 287.61651611328125 288.600067138671875 291.179046630859375 303.591278076171875 321.469818115234375 3.7152862548828125 46.68468475341796875 329.5965576171875 14.19109344482421875 32.125 356.912353515625 341.17529296875 276.80133056640625 288.25189208984375 310.3140869140625 307.746826171875 295.68365478515625 290.5560302734375 274.635467529296875 264.0194091796875 263.2901611328125 270 275.440338134765625 286.78265380859375 289.3978271484375 283.815032958984375
296.5650634765625 283.4957275390625 247.6198577880859375 185.194427490234375 162.2995758056640625 225 311.42364501953125 347.7352294921875 283.17254638671875 258.02386474609375 236.3099365234375 295.34619140625 344.054595947265625 15.94539642333984375 11.30992889404296875 6.3401947021484375 26.565052032470703125 299.744873046875 297.926025390625 299.4384765625 298.593231201171875 298.382293701171875 304.54010009765625 324.462310791015625 55.43747711181640625 29.267993927001953125 329.0362548828125 11.7251129150390625 7.51214599609375 2.20259857177734375 9.72757720947265625 345.47857666015625 320.8955078125 314.5452880859375 318.8568115234375 300.80889892578125 299.407196044921875 308.884490966796875 304.950653076171875 305.53765869140625 295.49755859375 284.6763916015625 292.57415771484375 309.871826171875 328.8406982421875
310.0302734375 317.792724609375 342.55279541015625 14.93141937255859375 347.7352294921875 329.0362548828125 344.357757568359375 5.5275421142578125 293.1986083984375 264.0938720703125 288.4349365234375 306.46923828125 5.194427490234375 66.8014068603515625 90 8.13010406494140625 327.724365234375 303.89617919921875 297.6883544921875 296.19219970703125 288.95819091796875 287.560272216796875 295.03857421875 348.231719970703125 41.92254638671875 348.26141357421875 345.9637451171875 24.145538330078125 325.933807373046875 335.9656982421875 6.96541595458984375 355.236358642578125 345.04644775390625 311.51068115234375 309.0684814453125 312.51043701171875 306.869903564453125 317.2679443359375 322.711883544921875 333.0343017578125 336.66595458984375 317.642547607421875 290.282562255859375 276.20343017578125 282.99462890625
324.462310791015625 320.9061279296875 343.072479248046875 355.10089111328125 335.3231201171875 305.53765869140625 251.5650482177734375 45 321.3402099609375 313.02508544921875 307.568603515625 293.962493896484375 56.309932708740234375 15.25511932373046875 348.6900634765625 337.10943603515625 318.53228759765625 306.92974853515625 297.36822509765625 287.607635498046875 280.59478759765625 277.39605712890625 281.15185546875 341.92767333984375 12.14427947998046875 344.63153076171875 355.143402099609375 17.81888580322265625 340.725616455078125 327.80426025390625 353.6597900390625 345.379119873046875 354.8768310546875 348.377838134765625 317.12109375 301.798919677734375 294.775146484375 300.9637451171875 312.273681640625 323.68634033203125 341.1468505859375 332.571258544921875 315 220.1009063720703125 210.9637451171875
237.094757080078125 212.47119140625 242.3540191650390625 284.0362548828125 307.875 315 296.5650634765625 317.8624267578125 322.8153076171875 335.26568603515625 348.476287841796875 356.4964599609375 12.14427947998046875 0 348.6900634765625 329.7967529296875 305.933502197265625 297.9326171875 298.6639404296875 301.3388671875 293.6942138671875 281.0701904296875 273.168121337890625 291.8936767578125 345.30267333984375 352.303955078125 355.794647216796875 5.457550048828125 351.027374267578125 348.967529296875 359.62054443359375 345.465545654296875 339.691558837890625 355.013671875 345.784149169921875 324.9720458984375 298.76763916015625 283.5704345703125 287.0205078125 300.677276611328125 320.52752685546875 311.0548095703125 122.905242919921875 140.1520843505859375 175.013671875
