BASIN_DATA/DATA/7339001/morph_cr2soil/soil_class_horizon_03.asc
NCOLS 384 
NROWS 512 
XLLCORNER -72.75 
YLLCORNER -36.5 
CELLSIZE 0.001953125 
NODATA_value -2147483647 
[rows 170 to 203 of 512, columns 154 to 230 of 384]
22223 22223 22291 20516 20516 22346 24098 24098 20474 21543 23252 23252 24138 26543 26543 24018 20406 23975 23975 17424 16384 16384 24004 23148 23148 20420 23105 25676 25676 22995 21282 23051 21255 21255 22142 22142 22211 19444 19444 20294 23023 23023 28022 25634 26504 26504 24866 24006 24006 24838 28049 27272 27272 28779 28792 28792 32106 30875 30875 28062 23992 27286 27286 28049 28049 28049 23978 26519 32142 32142 23163 18487 21353 25758 33236 33236 32096
24058 24058 24057 22346 22346 23198 24929 24929 25808 25834 24850 24850 25648 24809 24809 23090 23119 21254 21254 19317 22195 22195 20365 19360 19360 21310 23105 25676 25676 22995 21282 21282 21282 25676 22168 22168 21323 18414 18414 24770 23023 23023 23023 24851 23121 23121 23149 22212 22212 28779 28036 30839 30839 29512 29487 29487 30186 28766 28766 26476 24798 28036 28036 29526 29512 29512 28075 26519 32142 32142 23163 18487 18487 23150 27378 27378 28898
25676 25676 24850 25741 25741 28139 25781 25860 25860 26503 24823 24823 23090 21309 21309 21338 24004 23036 23036 25621 22195 22195 20365 19360 21310 21310 24019 21268 21268 22181 23990 23990 27297 28048 21268 21268 21310 21229 21229 26435 27243 23064 23064 21282 22280 22280 22252 23964 23964 27257 30850 30186 30186 28036 24825 24825 29499 25635 25623 25623 25623 28036 28036 29526 29512 29512 28075 27313 28075 28075 21325 18473 18473 21340 28103 23137 23137
23090 23090 23199 24124 24124 25022 25035 27375 27375 25676 21322 21322 20393 21350 21350 21338 24004 23036 23036 25621 21296 21296 20308 25633 21267 21267 23148 22182 22182 21281 26503 26503 27324 23091 23091 23091 23064 23051 23051 24769 26435 23121 23121 20336 22252 22252 25663 27272 27272 27257 28779 27285 27285 24906 25732 25732 29499 25635 25623 25623 25623 28024 28024 32095 32107 32107 32131 31524 28076 28076 25719 18501 18501 21353 22253 20338 20338
24850 24850 22318 24151 24151 26635 26609 24823 24823 25676 21322 21322 20393 21350 19415 19415 19374 23022 23022 22167 19415 19415 31512 24837 20365 20365 24878 23077 23077 23077 21296 23174 23174 23135 23077 23077 23037 22156 22156 23064 22239 20366 20366 21256 25610 25610 26462 25635 26463 26463 28779 27285 27285 24906 25732 25732 26449 29499 28779 28779 28753 28023 28023 28792 28036 28063 28063 28844 28831 28831 26546 19460 19460 17484 24034 24893 24893
23186 23186 23186 27323 24151 26635 26609 24823 24823 25648 24004 24004 20394 20406 20365 20365 26434 26419 26419 22195 21281 21281 23119 21309 19387 19387 24019 24005 24005 22251 24059 23120 23120 20421 21242 21242 24769 23052 23052 20351 20281 24797 24797 28022 28804 25610 26462 25635 26463 26463 28779 26505 26505 24033 24047 24047 25678 28049 32652 32652 30186 30235 30235 27272 27299 28090 28090 28049 28075 28075 24021 18473 18473 18473 28871 28819 28819
23186 23186 23186 27323 24809 24809 25676 25633 25633 27201 26447 26447 24877 21364 21267 21267 29474 25583 25583 24018 22250 19457 19457 21393 19415 19415 20407 20379 20379 20407 20421 18485 18485 18413 21214 21214 22982 23909 23052 23052 20281 24797 24797 28022 28804 28804 29499 29512 27285 27285 28036 23977 23977 24007 24034 24852 24852 28049 28780 28780 28793 28050 28050 24826 23993 28845 28845 32131 28844 28844 24034 19446 18443 18443 28845 29527 29527
24018 24018 25689 28100 24795 24795 22210 24783 24783 27970 24783 24783 23105 23148 23063 23063 27229 26461 26461 24836 21364 21379 21379 23148 26503 26503 24810 23950 23950 23051 23051 23023 23023 23037 21214 21214 22982 23909 23052 23052 23909 28804 28804 28804 25634 25634 25634 28036 28075 28075 24811 23039 23039 29499 27272 24047 24047 24007 28062 28062 28063 27313 27313 25692 24867 29579 29579 28103 28870 28870 20423 18473 24021 24021 28090 29527 29527
24890 24890 25742 29510 24864 24864 22154 27255 27255 28738 26435 24032 24032 23104 30173 30173 30837 26490 26490 24059 23187 24032 24032 24865 26435 26435 25597 25597 24782 23051 23051 23023 23023 23037 23936 23936 23963 27271 25650 25650 24784 23923 23923 24796 27325 28089 28089 27338 23992 23992 24784 32641 32641 32095 28805 24879 24879 24020 25705 25705 27338 27351 24007 24007 24880 26558 26558 23163 25785 25785 20423 18473 24021 24021 28090 27339 27339
27336 27336 30910 23949 23120 23120 26474 28765 28765 25621 28087 25703 25703 24004 26517 26517 29497 25677 25677 24085 25756 26517 26517 24865 26435 26435 25597 25597 24782 24782 24782 23921 23921 23950 24810 24810 26475 25662 26435 26435 25649 24866 24866 26545 27351 24866 24866 26505 26463 26463 28792 29499 29499 28049 26518 24906 24906 23176 24061 24061 24061 25744 26586 26586 24880 26558 26558 23163 25785 25785 25798 18502 18473 18473 23163 21325 21325
25716 24018 24018 25716 27298 27298 25633 27958 27958 26474 27283 27350 27350 26516 26557 26557 25743 25717 24085 24085 25756 26517 26517 27230 26420 26420 24757 26434 26396 26396 27163 29450 29450 28725 27983 28804 28804 28817 25677 25677 26475 26532 26532 23937 23951 26476 26476 23952 26476 26476 30186 24838 25731 25731 24905 24086 24086 23202 24946 24061 24061 25744 26586 26586 24061 21395 21395 19530 18571 20463 20463 18515 20423 20423 21367 22266 22266
23963 25634 25634 26489 25621 25621 28790 26434 26434 27242 26461 27270 27350 26516 26557 26557 25743 25717 24085 24085 24865 26462 26462 29475 29475 29475 28765 27946 26381 26381 27982 27215 27215 25662 25704 26544 26544 25730 27350 27350 26531 25635 25635 26463 30861 29512 29512 28792 27272 27272 26476 23175 23227 25731 24905 24086 24086 23202 24946 24946 23228 23215 24087 24087 25811 19530 19530 16571 17527 17541 17541 20449 24932 24932 26572 24893 24893
27255 28008 28008 28724 27188 27188 27255 26434 27242 27242 26461 27270 27270 27297 24837 24837 24032 24099 23226 23226 25690 27256 27256 25634 25690 26462 26462 26462 24796 24796 26435 26474 26474 25677 25743 26490 26490 27284 26531 26531 26532 25678 27272 27272 28779 27257 27257 32084 27272 27272 26476 23175 23227 23227 23202 23189 23189 24061 24074 24087 24087 23242 23215 23215 23215 17555 17555 25772 28181 27391 27391 24932 28155 28155 28142 27352 24906
28712 28008 28008 28724 27188 27188 27255 26462 24809 24809 25648 29485 29485 29485 28101 28101 24837 24112 23226 23226 24005 26531 26531 24865 26490 24810 24810 27271 26462 26462 27283 26462 26462 27363 24865 26475 26475 28791 27298 27298 25730 24866 27272 27272 28779 27257 27257 32084 32095 32095 30875 26532 23201 23201 23189 30309 30309 31581 30322 28923 28923 24087 21408 21408 17555 18515 18515 30971 32187 28898 28898 28181 28130 28130 30948 30259 28103
28712 25583 25583 26420 27164 27164 27163 26461 28869 28869 28074 28022 28022 28034 29553 26504 26504 24971 24085 24085 24005 25662 25662 28035 28035 27256 27256 26475 27284 27284 25662 27311 24865 24865 24005 28048 28048 28791 27298 27298 25730 24866 28036 28036 28049 30186 30186 29499 28049 28062 28062 24892 24074 24074 23176 30309 30309 33276 28155 29615 29615 27403 18529 18529 16541 23215 27416 27416 27416 26613 26613 32176 28885 28885 24933 23176 27339
26462 26462 26462 27243 30149 30149 27995 29578 27337 27337 27298 30185 30185 29525 28088 25770 25770 23253 26571 26571 28048 28022 28022 29498 31476 27271 27271 29553 28856 28856 27350 27311 24865 24865 24005 28048 28048 29525 27298 27298 24931 24905 27298 27298 24852 30850 30850 31489 26476 26545 26545 23188 24048 24048 30947 33276 33276 29628 28898 27391 27391 25758 18515 18515 16556 24128 22335 22335 26612 27404 27404 28910 24961 28885 24933 23176 27339
28856 28048 28048 28022 30185 28021 28021 28856 27337 27337 27283 30849 30849 29511 28869 26651 26651 24946 28074 28074 28009 28022 26462 26462 28048 28830 27271 29553 28856 28856 27350 26490 26490 26490 24852 28088 28088 28074 28869 24918 24918 24931 24060 24060 23106 28791 28791 32651 27299 24866 24866 24879 28115 28115 30947 28154 24087 24087 24947 24074 24074 24087 21408 21408 20477 20491 23202 22335 26612 27404 27404 28910 24961 22295 22295 22282 23151
26517 29539 29539 28022 28035 29578 29578 29566 27337 27337 27337 28830 28830 29525 23121 22320 22320 25757 28062 28062 28009 28022 26462 26462 28048 28830 28830 28061 27298 27298 28061 28048 29525 29525 24825 24852 24852 24891 24930 24086 24086 22225 22225 22225 26463 28022 28022 28778 28023 28062 28062 28844 33245 33245 28897 26598 24973 24973 25798 25785 25785 29640 21408 21408 20477 20491 23202 23202 30995 31604 31604 25785 21423 28898 28898 30913 30913
25717 29525 29525 28778 29525 29553 29553 28883 27401 27401 23187 23162 23136 23136 23162 22320 22320 25757 28062 28062 25650 25678 24811 24811 23078 22197 22197 21324 26545 26532 26532 28049 31489 31489 28062 24905 24905 24946 27402 27338 27338 27298 25663 25663 28036 32662 31488 31488 28792 28817 28817 27325 28884 28884 32186 25772 24973 24973 25798 25785 25785 29640 31628 21408 21408 19544 20505 20505 24115 23216 23216 21408 24114 24932 24932 30272 30913
26570 24851 24851 28009 29525 29601 29601 23227 22361 22361 23187 23162 23136 23136 23162 22361 22361 21463 22348 22348 21421 21407 21420 21420 20490 20504 20504 19543 19515 25771 25771 28845 30887 30887 25718 24918 24918 25784 24033 31512 31512 28062 28049 28049 29487 32662 28792 28792 28062 23977 23977 27325 28884 28884 32186 25772 26651 26651 26638 29652 29652 31592 28181 24960 24960 15581 15596 15596 21436 20505 20505 21436 23216 24932 24932 27313 28090
21338 22292 23120 23120 29525 29601 29601 23227 22361 22361 23268 24113 21449 21449 21449 21421 21421 20504 20476 20504 20504 21394 26598 26598 22293 20448 20448 19515 21435 25784 25784 28857 28089 28089 25771 25757 23175 23175 25705 25678 25678 28062 28779 28779 29498 32662 28792 28792 28062 23977 23977 24048 24906 29602 29602 28922 24973 24973 25811 29652 29652 32750 29639 23228 23228 14581 16587 16587 23269 22350 21436 21436 24087 28116 28116 30247 28845
21338 22292 23120 23120 23091 23106 23106 22280 22348 22348 22361 27428 21407 21407 21463 28206 28206 27428 27390 27338 27338 28805 30186 30186 29499 28036 28036 25744 19473 19501 19501 24959 25771 25771 27377 26558 26532 26532 28089 28818 25678 28062 28779 28779 29498 32094 28036 28036 26491 24825 24825 25718 24087 24048 24048 30296 29628 29628 27442 31017 31017 28948 27442 21422 21422 15581 18586 18586 25798 26625 23215 23215 23216 27352 27352 32154 30260
21365 22225 21365 21365 22280 24047 24047 22265 25784 26545 26545 30258 28857 28857 28115 28075 28075 29526 28792 28792 28792 28792 30175 30175 30850 30850 24879 24879 20380 18514 18514 23227 24060 24060 27377 26558 26532 26532 28089 28818 28818 32662 33672 28792 28792 25650 25663 25663 28792 32697 32697 26518 24073 23163 23163 25732 29628 29628 28948 24973 26652 26652 24114 17601 17601 15581 19558 19558 25798 28168 27403 27403 24948 24933 24933 32154 30260
24878 24866 21339 21339 22280 28089 28089 28102 25784 25718 25718 28089 28805 28805 28779 28766 28766 28036 27285 26463 26463 27272 28792 28792 28805 28870 20408 20408 20422 18514 18514 23227 24060 24060 28128 28871 28858 28858 33692 33183 33183 30198 29526 26476 26476 24838 27299 27299 30900 28831 28831 26519 24061 26559 26559 28898 24932 24932 24960 24128 24128 24128 21464 23255 23255 17601 17601 17601 24114 27416 27403 27403 24948 24933 24933 28859 28872
27298 24824 28817 28817 28804 28804 28804 28792 27364 26611 26611 25758 26491 26491 28023 28766 28036 28036 28740 27244 27244 26463 28792 28792 28805 28870 20408 20408 20422 24074 24074 24086 26572 29603 29603 30271 30924 30924 32686 30211 30211 30211 27325 24839 24839 27313 28818 28818 30912 28831 24839 24839 24021 26519 26519 30272 27391 27391 24114 24973 20533 20533 16618 18601 23255 17601 17601 24114 24114 27416 28899 28899 28143 28182 28182 28143 26600
28035 26475 28765 28765 31488 30209 29487 29487 28128 24959 24959 25784 26491 26491 26477 27285 28036 28036 28740 27244 27244 26463 28792 28792 28049 25731 19487 19487 19474 25744 25744 26586 29602 29602 29602 30948 29591 29591 29580 29568 29568 31524 24853 23093 23093 24839 28805 28805 29554 29540 24839 24839 24839 29555 29555 29603 28910 28910 29652 24973 20533 20533 16618 18601 18601 16618 20491 27417 27417 30259 32721 32721 30273 31548 31548 32763 28924
30837 27284 29525 29525 28792 31465 28766 28766 27351 25784 25784 27338 26491 26491 26477 27285 28036 28036 28036 27272 27272 26476 27338 27285 27285 24905 19515 19515 19445 34200 34200 30297 28142 29615 29615 29603 29591 29591 29591 28116 28832 28832 24021 26533 26533 23079 26477 26477 28063 28845 27300 27300 28075 25692 29555 29603 28910 29652 29652 28959 17616 17616 15581 16602 16602 19558 27442 30972 30972 32710 28143 28143 27379 28156 28924 28924 27417
32015 29498 28035 28035 28036 28022 28753 28766 27351 25784 25784 27338 28023 28023 28010 27299 28036 28036 28023 29487 29487 30210 28114 27299 27299 26585 19515 19515 20395 33732 33732 30271 28116 28885 28885 30283 29603 29603 26559 28885 24880 24880 27339 25706 25706 24839 28819 28819 28063 28845 27300 27300 28075 25692 25692 24906 24932 30334 30334 29665 19544 19544 13558 23296 23296 23269 25812 27404 27404 27379 24948 24948 23190 24168 25067 25067 23323
30861 29498 28035 28035 28036 28022 28753 28753 28115 26558 26558 28036 28010 29476 29476 25691 25691 25691 28036 32107 32107 27299 28114 26491 26491 27377 20448 20448 21339 27326 27352 27352 28858 32153 32153 32165 29615 29615 26559 25732 24880 24880 30924 25706 25706 24839 28819 31514 31514 30875 28819 28819 24839 24867 24867 26586 23228 25811 25811 33327 19530 19530 15596 20533 25850 25850 25014 21437 21437 21423 20464 20464 22336 25904 29059 29059 22456
30861 32015 28739 26518 26518 29476 29475 29475 26505 27325 27325 28036 29476 28766 28766 25678 26476 26476 28062 28817 28817 28909 28831 26518 26518 26545 21340 21340 20396 19446 25692 25692 27326 30247 30247 28858 26533 29615 26559 25732 24880 24880 30924 25706 25706 27313 28050 33194 33194 29540 28819 28819 24839 24035 24035 24947 22335 25000 25000 33327 20505 20505 18601 24154 31650 31650 31650 23256 23256 24129 23243 23243 25067 31095 31715 31715 25093
25677 28765 27243 26448 26448 27996 28753 28753 28023 28075 28075 27257 28023 26464 26464 25679 27299 27299 28062 27324 28870 28870 27299 27325 27325 26532 26518 26518 22225 18457 24826 24826 27326 30247 30247 28858 26533 24880 24880 24893 24893 24893 24867 24021 24021 25692 28063 33194 33194 28049 28819 28819 23978 24919 24948 24948 22363 25013 25013 27455 19558 19558 14644 22389 25851 25851 23269 21465 21465 25040 29059 29763 29763 31095 31715 31715 25093
24032 25704 28061 27244 27244 27272 27285 27285 28036 26449 26476 26476 25678 28128 28128 26545 27285 27285 27299 26504 28897 28897 28844 28075 28075 27326 26518 26518 22225 18457 24826 24826 27313 28076 28076 26506 24867 24867 24867 24007 24034 24034 27352 24007 24007 23978 24812 28845 28845 32132 28806 28806 24826 24920 24948 24948 22376 21478 21478 17631 15628 15628 15628 18631 18587 18587 22389 21465 21465 25040 29059 29763 29763 28295 31107 31107 25106
24917 24019 29539 27971 27971 26436 26532 26532 28792 25650 30875 30875 25663 27377 27377 27378 28115 28115 28062 28831 29540 28897 28844 28075 28075 27326 26518 21270 21270 19334 21270 21270 20323 20338 20338 24812 24839 23993 23993 24021 23107 23107 26492 25664 24826 24826 24827 28103 28103 28832 23953 23953 24826 23138 22322 22322 21465 22389 22389 27495 19573 14661 15628 18631 18587 18587 22389 22417 22417 22510 25093 26757 26757 27546 29070 29070 24233
24019 24019 28061 27983 27983 27244 26463 26463 28036 28062 27285 27285 26491 26532 26532 27378 28115 28062 28062 28831 29540 29540 29579 28792 28792 25679 26533 23978 23978 18360 17372 17372 17387 18387 18387 21257 19348 23978 23978 23137 25679 25679 28832 27326 28090 28090 28819 30876 30876 28832 23965 23965 24840 24008 23216 23216 21465 22389 22389 27495 19573 14661 14661 15629 20534 20534 28983 24194 24194 20659 21574 26757 26757 27558 25917 25917 22456
