BASIN_DATA/DATA/7339001/morph_cr2soil/soil_class_horizon_02.asc
NCOLS 384 
NROWS 512 
XLLCORNER -72.75 
YLLCORNER -36.5 
CELLSIZE 0.001953125 
NODATA_value -2147483647 
[rows 340 to 373 of 512, columns 77 to 153 of 384]
25621 25621 28034 25661 25634 26448 27297 24744 24744 23921 24796 24796 23950 24810 24810 23064 23950 23091 23091 24865 22212 22212 19388 22198 22198 20323 22213 22240 22240 25692 22253 22253 25731 23176 23176 22266 22253 23163 23163 21352 22265 22265 22239 27299 27312 27312 21312 21325 21325 20381 24020 24020 26462 27983 21242 21242 22225 21297 21297 23105 26543 26543 26531 20350 21283 21283 20351 21311 21311 19375 21268 25690 25690 25704 25717 25717 22252
25621 25621 28034 25661 25661 25649 27270 24809 24809 26461 26475 26475 26475 26462 26462 23950 23950 24810 24810 22182 23078 23078 22239 26476 26476 27190 27190 21324 21324 28129 28767 28767 21312 22144 21230 21230 22198 23163 23163 21352 22265 22265 21340 22240 21242 21242 22184 21325 21325 20367 20381 20381 20395 21339 21311 21311 22212 21297 21297 22238 24864 23105 23105 20380 20322 20322 20322 22212 22212 26532 19360 25621 25621 23064 20337 20337 21297
26419 26419 24768 26490 26490 28074 25649 24837 24837 24810 28818 28818 24838 23936 23936 23037 23064 25662 25662 25662 23078 23078 22212 19389 20242 20242 23858 27972 27972 23052 22129 28767 21312 22144 21230 21230 22198 21243 21243 24826 26519 26519 21340 20409 22170 22170 21298 25705 25705 20381 21340 24033 24033 27350 23135 23135 23091 23976 23976 24005 25742 23090 23090 20350 20321 20321 24731 23963 23963 25663 25691 25662 25621 23064 20337 20337 21297
26434 26434 24756 28047 28047 24824 22182 24838 24838 24851 23077 23077 25662 23106 23078 23078 23991 23077 23077 23964 26517 26517 24852 19389 22103 22103 23858 27972 27972 23052 22129 22129 23938 22144 27272 27272 22253 21340 21340 22253 22266 22266 22266 22265 21367 21367 22280 23149 23149 22240 22212 21339 21339 26504 26531 26531 23091 23077 23077 24851 25716 21309 21309 21296 19374 19374 20280 23963 23963 25663 25691 25662 25662 21283 21324 21324 21311
23895 23895 24768 24795 23949 23949 22211 25678 25678 23078 27298 27298 27298 24005 23135 23135 25677 23064 23064 21297 26518 26518 24852 19389 22103 22103 22077 29465 29465 26409 22157 24812 24812 22253 22266 22266 23175 23162 23162 22266 21352 24047 24047 24892 24020 24020 27364 27351 27351 20380 21298 21283 21283 23105 26517 26517 24837 21282 21282 22196 24864 21309 21309 21296 19374 19374 20280 21228 21283 21283 28089 23136 23136 22239 26531 26531 21339
24767 24767 24768 23935 24823 24823 23091 24770 24770 22156 23091 23091 23105 23964 23963 23963 23064 23064 23064 21297 26518 20351 20351 21283 21270 21270 22130 27203 27203 22129 22184 22253 22253 23162 22265 22265 24020 23121 23121 24852 22239 22239 22239 24006 25744 25744 26558 22266 22266 22253 22197 22212 22212 23977 24837 24837 24837 21282 22196 22196 24864 23120 23120 23090 26504 26504 20336 21310 21241 21241 21282 23105 23105 20350 26461 26461 25648
24808 24808 24781 23935 25661 25661 23077 23091 23091 23064 28062 23976 23105 23964 23963 23963 23064 22183 22183 20366 22211 22115 22115 20322 22253 22253 22144 23937 23937 21243 27326 24033 24033 23162 24006 24006 25650 24825 24825 23106 21311 23977 23977 23121 26532 26532 21324 20408 22252 22252 22197 22212 22212 23977 24837 24837 22196 24864 22141 22141 23090 22181 22181 24864 22181 22181 20350 19387 21296 21296 20321 21268 21268 20350 25661 25661 25661
25633 25621 25621 24795 28021 28021 24795 23091 23091 23064 28062 23976 23976 23105 23106 23106 21324 19402 19402 19389 19430 21173 21173 28726 23053 23053 23107 22213 22213 23079 23137 23136 23136 24892 23977 23977 25635 24797 24825 24825 24866 22225 22225 24020 24865 26532 21324 20408 22252 22252 22212 23992 23992 20351 23977 23977 23991 22196 20266 20266 20320 20293 20293 23961 22181 21282 21282 22168 20321 20321 20336 21296 21296 21255 24823 25676 25676
23035 23921 25621 24795 28021 28021 24795 26475 26475 25662 21283 19416 19416 19388 26517 26517 26490 19333 19333 21229 20295 27971 27971 27972 26436 26436 25624 26492 28793 28793 22157 22266 22266 23106 23105 23105 26505 22212 22212 22212 24866 22225 22225 24020 24865 24865 23135 23977 23092 23092 22213 23092 23092 22198 24838 23120 23120 24878 21255 21255 22128 21254 21254 21308 22195 23990 23990 22167 20321 20321 24809 20336 20336 21282 25676 25715 25715
23035 23921 23921 23921 27242 27242 24810 23949 23949 26504 24810 23091 23091 26489 27229 27229 28074 22239 20381 20381 21188 23024 23024 28010 22115 22115 23924 23053 23025 23025 28010 23122 23122 21311 23105 23105 26505 22212 22212 22212 21297 23120 23120 23135 24005 23135 23135 23136 24838 24838 23092 24021 24021 23106 26517 26544 26544 23963 23008 23008 21311 21311 21311 20349 20349 22223 22223 22182 21282 21282 25703 23950 23950 21254 22195 25715 25715
24781 26473 26473 24836 26461 26461 23104 25703 23935 23935 26503 27283 27283 26489 22211 22211 20380 22225 20352 20352 20281 21269 21269 25610 27257 27257 23024 23039 24798 23025 28010 23122 23122 21311 23992 22182 22182 23977 22225 22225 23992 23992 23992 22197 21296 23105 23105 24005 22224 22224 23092 23993 23993 24853 23977 23992 23992 24005 24851 24851 21324 20366 20366 21323 23908 20293 20293 19386 22210 22210 25703 23950 21254 21254 22195 24876 24876
23050 26503 26503 24058 22237 22237 25676 25688 23975 23975 23064 21255 21255 22224 22238 22238 20337 20281 19319 19319 21324 20366 20366 20309 27257 23024 23024 23039 24798 24798 28023 23107 23107 21353 21311 23092 23092 23121 22225 22225 23136 22225 22225 22225 24006 21268 21268 24019 22224 22224 24838 22197 22197 23079 23092 24825 24825 25730 25730 25730 22224 21268 21283 21283 23908 20293 20293 19386 22210 22210 24809 24004 21254 21254 22195 24876 24876
25647 24850 24850 23118 24004 24004 23989 23118 23090 23090 22182 22211 22211 18428 20322 23024 23024 21230 21242 19319 21324 20366 20366 20309 22129 22129 22129 22183 24770 24770 27272 26476 26476 21324 21353 24006 24006 26531 25635 25635 23136 22212 22212 23121 24879 24852 24852 22225 23135 23135 23105 22183 22212 22212 23078 25677 25677 25690 26517 25730 22224 21268 21283 21283 22238 23908 23908 23104 20364 20364 19400 21282 20336 20336 22196 21268 21268
23211 22277 22277 23103 22194 23103 23103 23159 22181 22181 22168 20336 20336 21297 20322 23024 23024 21230 21242 21242 20380 26518 26518 20309 21201 21215 21215 23038 23038 23038 27285 27244 27244 28036 22212 23136 23136 24866 24033 24033 24892 24825 23977 23977 23149 24020 24020 21310 23077 23077 24005 24811 23106 22212 23078 25677 25677 25690 26517 26517 21283 21256 23964 23964 23963 21310 21310 19359 20307 23990 23990 23990 23063 23063 21255 21310 21310
21377 23251 23251 22358 21418 23146 23146 22195 23950 22181 22168 20336 20336 21297 20366 22102 22102 23897 26545 26545 20351 20295 21215 21215 21215 27985 27985 23039 22184 22184 22198 28753 27244 27244 23937 23122 23122 22253 23150 23150 22239 24020 23121 23121 23121 26532 26532 23120 23077 23077 24005 24811 23106 23106 23106 22225 22225 23091 24837 21324 21324 21311 19388 19388 22183 23963 23963 22168 21268 22211 22211 25661 24810 24810 25717 20308 20308
19427 22345 22345 24928 21418 23146 23146 22195 23950 23950 23963 21282 23105 23105 20380 21187 21187 21215 26491 26491 23977 20322 21256 21256 21256 23911 23911 22184 22198 22198 23025 23025 23910 23910 29464 23039 23039 23911 23025 23025 23136 23137 23121 23121 23121 26532 26532 23120 22155 23091 23091 22224 22183 22183 20337 23106 23106 23092 21311 22239 22239 22183 25690 25690 25634 21256 21256 21269 21242 22115 22115 24693 21215 21215 20295 21241 21241
19427 22345 24928 24928 22210 23076 23076 22181 22155 22155 20336 18414 20366 20366 23065 21202 21202 26421 27299 27299 28049 20323 21297 21297 22197 22197 22197 23977 26476 26476 23038 22997 23897 23897 22089 23024 23024 23911 23025 23136 23136 23137 27312 27312 27311 25691 25691 24852 23976 23976 23976 23976 22211 22211 22197 23106 23106 21311 22225 24006 24006 22197 21297 21297 22212 21311 21311 21311 21297 22183 22183 21255 21242 21242 22156 22142 24824
20432 21446 24110 24110 22209 22196 22196 21282 21268 21268 21282 21311 21311 21311 21269 21270 21270 22184 23092 23092 26504 20338 20366 20366 23106 23092 23092 23024 27231 23038 23038 23024 23897 23897 22089 23024 23024 23885 28715 23951 23951 24758 23137 23137 22239 23121 23121 23991 23077 22142 22142 23922 24864 24864 23120 25677 25677 26517 23120 20351 20351 23052 23977 23977 22252 22252 24100 24100 25810 22307 22307 22265 21242 21242 22156 22142 24824
23238 20501 24150 24150 22250 24004 24004 23077 20350 20350 19445 20422 21339 21339 21269 23923 23923 21230 20352 25705 25705 27299 21283 21283 27271 27244 27244 23024 27231 23038 23038 23024 23885 23885 24746 24733 24733 23885 23871 28740 28740 24771 24839 24839 22239 23106 23106 24866 25677 23077 23077 24824 25662 25662 25690 22211 27311 27311 27311 27350 27350 22225 20322 20322 23991 24824 21201 24100 25810 22307 22307 22265 22252 22252 24810 22155 21241
24876 23199 23199 23199 24018 25633 25633 25649 20365 20408 20408 21352 20395 20395 22197 27272 27272 21215 21284 20381 20381 26531 21283 21283 27271 27244 27244 23897 23897 23038 23038 27231 27218 27218 30152 28741 28741 23858 23898 27217 27217 23910 24811 24811 23992 27216 24745 24745 24006 23120 23120 23120 24865 24865 23091 20380 22239 22239 22212 22225 22225 23937 20322 20322 23991 24824 21201 21201 22143 21339 21339 22252 23149 23149 21242 21241 21254
25715 23104 22222 22222 23104 25634 25634 22182 20336 19387 19387 20395 20408 20408 26557 27284 27284 21215 21284 20381 20381 26531 27312 27312 22156 27257 25622 25622 23896 28766 28766 23897 23870 23870 23885 23885 22984 22984 23009 26409 26409 24770 23038 23038 23923 23951 23910 23910 22169 23977 23977 23121 25704 25704 22224 21311 22239 22239 22212 22225 22225 23937 21283 21296 21296 25649 23922 23922 22142 23910 23910 21215 20268 22128 22128 23063 25661
22222 22223 21295 21295 23135 22224 22224 21281 26530 26544 26544 26570 20408 20408 26557 27284 20322 20322 20323 22183 22183 20366 22225 22225 21311 23106 23038 23038 28766 27244 27244 23024 23898 23898 23858 24721 26371 26371 23009 23870 23870 26421 27244 27244 23938 23938 22169 22169 23092 22212 22212 23121 25704 22224 22224 21311 22183 22183 23106 23106 23106 21283 23077 22154 22154 24782 23991 23991 24795 24809 24809 21255 22142 21240 21240 21254 21228
22209 23119 23975 23975 24004 21323 20350 21281 26530 26544 26544 26570 26544 26544 27337 23078 21270 21270 21230 22144 22144 21215 21256 21256 21339 22240 22212 22212 28010 27244 27244 27217 22997 22997 22971 22997 23009 23009 22996 27997 27997 23885 27973 27984 27984 23938 22169 22169 23092 22212 22212 22212 24005 22212 22212 22183 23065 23065 26505 21297 21297 22224 25676 25608 25608 23050 23921 23921 24795 24004 24004 21227 24823 21266 21266 23063 23064
23975 23135 23975 23975 24004 21323 20350 20350 26544 20395 20395 21338 21339 21339 21311 27299 28779 28779 26449 23038 23038 28010 23910 23910 21257 21340 24033 24033 23964 24797 24797 27257 23009 22984 22984 23871 23952 23952 22184 22114 27997 23885 27973 27984 27984 25623 23065 23065 23038 23078 23078 23078 21297 23078 23078 22183 23052 23052 22212 25717 25717 27310 25649 23090 23090 22182 23922 23922 21241 23908 24782 24782 24795 24863 24863 21213 23963
23975 23135 23103 23103 28072 20394 20380 20380 21310 20365 20365 20380 21339 21339 21297 21311 23924 23924 23938 21242 21242 20338 26490 22169 22169 22170 22183 22183 23065 23092 23092 23937 23009 23024 22984 23871 23952 23952 22184 22114 22114 23910 24770 24852 24852 26505 23078 23078 24797 28023 28023 23065 22169 22156 22156 23024 22143 22143 23078 21324 21323 21323 24005 21296 21296 21310 22196 22196 25648 22154 21240 21240 22167 21295 21295 21213 23963
24004 22238 22238 22238 23135 22251 22252 22252 22239 24879 24879 23149 21339 21324 21324 23106 21283 21283 22184 22156 22156 22198 21283 28023 28023 28023 23924 23924 27997 23092 23092 23937 23009 23024 23024 23885 22996 22996 23910 23024 23024 23923 23992 24904 24904 26531 27337 27337 22212 23065 29512 29512 23065 22169 22169 21229 21229 21229 21229 22169 22225 22225 22211 22212 22212 21311 22224 22224 23975 23091 21240 21240 22167 21295 21295 21241 21311
23090 25661 27336 25704 25704 28088 28074 28074 24005 27350 27350 27351 22225 22225 22225 23078 21256 21256 23066 26437 26437 22157 21256 22143 28023 28023 23924 23924 27997 25623 24784 24784 23025 23024 23024 23910 23024 23024 23038 22088 23078 23078 23106 26531 26531 26517 22224 22224 24006 23106 23937 23937 23897 23065 23065 23065 23092 23092 24811 21283 22225 22225 22265 21407 22212 21311 22224 22224 23975 23091 22181 22181 20335 25689 25689 22195 21296
23076 22210 21310 27337 27337 21311 21311 21311 25717 27363 27363 23175 23175 25691 25691 29526 22170 22170 22144 26437 22157 22157 21256 22143 22143 23052 23951 23951 23065 23937 23923 23923 25623 23884 23884 27217 23092 23092 23136 23884 26490 26490 22239 24005 24005 24865 23148 23148 23976 22224 23136 23136 22156 22169 22169 23052 26462 27284 27284 21283 22225 22225 22265 21407 21407 21394 23120 23119 23119 21310 21322 21322 21310 25716 25716 21323 21311
24085 20461 20421 23174 23174 24059 22307 22307 23148 28140 21352 21352 23122 23065 25691 29526 22170 22170 22144 22130 21230 21230 22156 23052 23052 23078 28062 28062 22197 23923 24838 24838 23106 23092 23092 22212 23106 23106 23106 23106 25704 25704 22239 23991 23991 25716 23119 24850 24850 23105 22238 22238 22212 21324 22169 23052 26462 27284 27284 26517 21296 21296 20337 22334 22334 26611 28180 28153 28153 25756 21351 21351 23120 21323 21323 22212 24838
22333 22333 23226 25770 25770 24112 23241 23241 22265 28140 21352 21352 23122 23065 23065 23052 21243 21243 23053 23938 23910 23910 22143 23078 23078 22169 23052 23052 22197 23923 23951 23951 23106 22225 22225 23105 24824 22225 22225 24020 24851 24851 23120 23091 23091 23991 25703 25689 24850 23105 22238 22238 22212 21324 21324 22224 25690 27311 27311 27323 22181 22181 22196 22224 22224 22238 22211 23120 23120 21351 21338 21338 21351 21365 21366 21366 28141
24072 24072 24126 24945 24945 24112 23241 23241 22265 22251 24006 24006 22213 26477 26477 29527 22157 22157 23010 22144 23910 23910 26476 28036 28036 25622 27243 24783 24783 22212 23106 23106 22212 23121 23121 23065 22224 24059 24059 23991 24864 24864 24837 23091 23091 23991 25703 25689 25689 23975 23077 23077 21324 24851 24851 23120 20350 21297 21297 22211 25704 25704 23921 22168 22168 22168 21267 21295 21295 21282 21296 21296 21365 22280 25744 25744 21352
24072 24072 24126 24945 24945 23200 22279 22280 22280 26584 22239 22239 22197 22144 22144 27998 25598 28767 28767 21243 28036 28036 29512 23078 23078 22212 25622 23922 23922 25677 25677 25677 22168 23910 23910 22212 24005 24059 24059 23991 24864 24864 24837 21282 21282 23963 23991 23962 23962 23104 22168 22168 23963 24836 25689 25689 23091 21296 21296 23976 26516 26516 25648 24782 23063 23063 23063 23050 23050 20335 22211 22211 22211 21282 21297 21297 21297
21393 21393 24059 24059 24059 22279 26584 23174 23174 27363 26544 26544 23136 22143 22143 24784 24838 21298 21298 22198 23951 23951 22183 23964 23964 21324 21311 22224 22224 25690 24769 24769 22168 23910 22212 22212 24005 23976 23976 24850 24018 24018 23990 23120 23064 23064 25690 25676 25676 23076 24851 24851 22195 24837 23076 23076 22182 21296 21296 21296 22181 22181 24809 24795 23949 23949 23049 24808 24808 21295 22196 22196 23105 21282 21297 21297 21297
21351 21351 24903 24045 24045 27388 28140 27376 27376 21296 26505 26505 28726 26463 26463 27299 27299 21257 21257 22116 23910 23910 23092 22225 22252 22252 21324 22224 22224 25690 24769 24769 22994 26448 22251 22251 23104 24003 24003 22113 23063 23063 24045 24004 23950 23950 23991 23975 23975 23104 23104 23104 23063 22167 21295 21295 22181 24837 24837 27311 22182 22195 22195 24836 23908 23908 24822 24808 24808 21295 22196 23105 23105 20350 22211 22211 23105
