BASIN_DATA/DATA/7339001/morph_cr2soil/soil_class_horizon_01.asc
NCOLS 384 
NROWS 512 
XLLCORNER -72.75 
YLLCORNER -36.5 
CELLSIZE 0.001953125 
NODATA_value -2147483647 
[rows 136 to 169 of 512, columns 77 to 153 of 384]
10163 10146 10158 10254 10335 10460 10579 10732 10887 11060 11231 11408 9912 9912 9912 9912 9912 9912 9321 9321 13358 12309 11276 11276 13315 13315 13315 13289 12295 15370 15370 17427 17387 17387 17373 19320 19320 24771 20310 19403 19403 20367 19375 19375 21255 21146 23856 22956 27959 24719 24719 24719 25585 26408 26408 25597 30151 30151 24783 24810 24810 24824 23949 24864 24864 24837 24810 24810 26461 27310 24004 24004 25715 26542 26542 24044 25661
10219 10215 10235 10332 10414 10544 10670 10825 10981 11149 11329 11514 9912 9912 9912 9912 9912 9321 11836 11836 11836 10281 13343 13343 11277 11263 11263 15288 15275 13316 13316 16400 17387 17387 17373 19334 20268 20268 19417 20381 20381 25691 19375 19375 21255 21146 23856 23856 23883 24810 24810 24731 28739 32049 32049 25634 32651 32651 32083 25649 25649 26462 23963 24824 24824 23120 24823 24823 24823 24823 26461 26461 25608 23935 23935 23063 23049
10270 10275 10300 10401 10487 10620 10752 10913 11073 11241 11428 11618 9912 9912 9912 10911 10911 10911 10911 9882 9882 10280 11290 11290 11276 12268 12268 15275 13288 14351 14351 15368 17372 17372 18346 19292 20268 20268 19417 20381 20381 25691 23962 22182 22182 28725 30197 30197 23091 28817 28817 30162 26490 27311 27311 25677 25690 25690 24837 27298 24850 24850 28060 28803 28803 23991 24005 24005 24004 23063 23076 23076 23076 23963 23963 24823 22127
10396 10401 10422 10519 10599 10727 10861 11019 11177 11350 11542 11738 9956 9956 9956 9956 9956 10911 10911 10911 10911 11304 13343 13343 13289 14310 15288 15288 19254 16357 16357 15368 17372 17372 18346 19292 17386 17386 19429 19414 19414 27311 23077 23076 23076 30861 23950 23950 24810 32094 32094 30197 27271 24810 24810 24851 24878 24878 24891 24930 25809 25809 24850 23975 23975 30244 26543 26543 24018 24836 23974 23974 23076 23963 23963 24823 22127
10556 10561 10577 10670 10753 10879 11006 11166 11327 11505 11704 11907 9956 9956 9956 9956 9956 9956 9897 9927 9927 10312 11290 11290 12281 14311 15288 15288 19254 16357 16357 16410 23951 23951 24770 19347 18427 18427 23148 19443 19443 20394 22224 23064 23064 31487 24810 24810 26475 24795 32661 32661 32094 24810 24810 23976 24851 24851 25730 24072 26516 26516 28803 24850 24850 25755 24903 24018 24018 24836 23974 23974 23975 24836 24836 24823 22994
10795 10789 10802 10898 10983 11102 11228 11395 11561 11741 11934 12129 9956 9956 9956 9956 9941 9941 9956 9897 9897 10312 11290 11290 12281 14311 13276 13276 13290 15341 15341 17426 23992 20351 20351 20380 20379 20379 20350 21323 21323 22239 28856 30861 30861 23064 23950 23950 26517 24796 25649 25649 24795 23922 23922 25634 25649 25649 25662 24837 23950 26516 28803 24850 24850 25755 24903 24877 24877 23975 23975 23975 23075 23935 23935 23006 22101
11092 11075 11080 11163 11247 11364 11490 11643 11797 11965 12154 12346 9941 9941 9941 9941 9941 9941 9956 9897 9897 11290 13344 13344 13329 13303 15311 15311 14324 14336 14336 15397 17427 17440 17440 19389 20351 20351 24782 22211 26531 26531 23135 21296 21296 22168 24823 24823 24809 24796 26461 26461 25622 23935 23935 24837 25649 25662 25662 24837 23950 23950 23921 24836 24836 26530 24031 25676 25676 25621 24756 24756 24756 22994 22113 22113 22100
11396 11374 11375 11452 11532 11645 11767 11918 12070 12228 12412 12598 9941 9941 9941 9941 9956 9956 9941 9912 9912 11290 14364 13345 13345 14378 13302 13302 16357 14324 14324 16331 15382 17400 17400 19376 20351 20351 22211 29539 23121 23121 22211 23077 23077 25648 24823 24823 25677 24837 26461 26461 25622 23935 23935 24837 24795 23935 23935 24795 23935 23935 24782 24782 24782 25633 23962 24836 24836 22154 23022 23022 23036 22141 21227 21227 20293
11726 11699 11696 11767 11846 11957 12076 12218 12366 12517 12694 12874 9941 9941 9941 9941 9941 9941 8968 10896 10896 11262 11290 13344 13344 12324 13329 13329 18372 18345 13329 13329 18331 16358 16358 19347 20367 20367 20365 23120 22224 22224 24837 23963 23963 25648 24823 25677 25677 24837 24796 24796 25622 25622 25622 24809 27255 23895 23895 23007 27229 27229 27215 25621 25596 25596 25583 25633 25633 27270 23119 23119 23975 24004 21295 21295 20350
12131 12105 12103 12166 12233 12332 12442 12570 12712 12859 13040 13227 9941 9941 9941 9941 9941 9941 9941 9306 9306 11276 12309 13345 13345 15369 13330 13330 15340 13315 14324 14324 15341 17359 17359 20295 19360 19360 21282 23120 22224 22224 24837 23963 23963 27298 24837 24851 24851 24004 29539 29539 29475 27229 27229 28765 28764 23921 23921 23962 23975 23975 23974 24004 22181 22181 20306 24781 24781 21296 21323 21323 22237 22251 22250 22250 20365
12507 12494 12501 12572 12631 12722 12824 12940 13076 13223 13405 13593 11276 11276 11276 9912 9927 9927 9927 10269 13329 13329 14377 14364 14364 13302 13288 13288 13275 16318 16332 16332 14352 16358 17359 20295 19360 21282 21282 22223 23991 23991 31512 32696 32696 24865 32130 28777 28777 23077 23976 23976 29553 24836 25703 25703 24018 24929 24929 25729 24850 24850 22249 22181 22195 22195 20320 19345 19345 20335 19387 20365 20365 20336 17384 22250 20365
12857 12849 12866 12946 12999 13083 13179 13289 13414 13552 13726 11899 11276 11276 11276 11276 9912 9912 9912 10269 10269 10269 12282 13315 13315 13289 15299 15299 16291 16318 16332 16332 14352 16358 16358 19320 18347 21255 21255 23963 28817 28817 26517 28114 28114 28883 25717 29553 29553 28804 24864 24864 25742 24072 24944 24944 25769 26569 26569 24032 22237 22237 23147 21254 19331 19331 18384 19359 19359 20335 19387 20365 20365 20336 17384 17384 19346
13189 13190 13210 13283 13331 13411 13500 13602 13729 13869 11899 11899 11899 11276 11276 11276 11276 11276 9897 11276 14352 14352 15340 14364 13315 13289 15299 16291 16291 16305 13291 13291 14353 16359 16359 23053 19320 21268 21268 22211 28074 28074 26504 30244 30256 30256 32173 26569 26569 25755 26569 26569 25756 25770 29612 29612 25755 24004 24004 22210 21322 18426 18426 19331 19331 19331 18384 19359 19359 19359 17410 17424 17424 18385 18344 18344 17287
13512 13520 13546 13618 13664 13741 13829 13930 14053 14190 11899 11899 11899 11899 11899 11276 11276 11276 11276 11276 14352 14352 15340 14364 14364 14351 15299 14325 14325 17302 21187 21187 21215 16358 16358 19320 21284 23120 23120 24865 24810 24810 25622 32639 32650 32650 26531 26570 26570 24891 31589 31589 24877 24890 25742 25742 26543 23147 23147 22210 21322 18426 18426 19331 20239 20239 17357 17371 17397 17397 16330 17370 17370 16369 17329 17329 17274
13791 13803 13832 13901 13951 14031 14119 14220 14336 10954 11899 11899 11899 11899 11899 11276 11276 11276 11276 11263 13315 13315 13344 13303 13303 13303 13290 16293 16293 16306 16305 16305 16384 17411 17426 17426 21311 24019 24019 32152 25622 25622 28778 26490 30837 30837 32685 25716 25716 26570 24046 25717 25717 24890 25742 25742 26543 23147 23147 22278 19373 20349 20349 18357 18248 18248 19277 18302 18371 18371 17410 17410 17410 17370 17329 17329 17287
14058 14072 14102 14168 14220 14299 14385 14485 14594 10954 11899 11899 11899 11899 11899 11899 11276 11276 11276 13345 14364 14364 14353 13317 13317 14366 13277 14298 14298 17317 13303 13303 15340 17371 20379 20379 22252 25743 25743 25677 24811 24811 30185 29497 24782 24782 24825 30899 25716 26570 24046 25717 25717 24864 26570 26570 24031 23238 18540 18540 18498 19428 19428 17466 17438 17438 16453 17398 16369 16369 16397 17397 17397 17452 18454 17397 17397
14304 14318 14351 14415 14469 14546 14630 14728 14836 10954 10954 10954 11899 11899 11899 11899 11899 10269 10269 11276 13290 13290 15300 14326 14337 14337 13276 14298 14298 14325 21214 21214 23037 24837 22238 22238 23136 24059 24059 24891 24865 25717 30185 29497 24782 24782 24825 30899 30899 24046 25756 24890 24890 28113 25729 25729 25782 21475 18540 18540 18512 16537 16537 18453 19443 19443 17482 17525 17466 17466 17452 17452 17452 16453 18512 17467 17467
14525 14539 14576 14643 14699 14776 14860 10954 10954 10954 10954 10954 10954 11899 11899 11899 13885 12308 12308 13303 14326 14326 14353 14353 14326 14326 14297 15301 15301 18289 19304 19304 20321 20379 28101 28101 25690 24059 24059 24891 24865 25717 25717 25691 25689 25689 24865 24864 24864 24045 24944 24098 24098 26596 24071 24071 24944 24110 17465 17465 17384 18398 18398 16439 16495 16467 16467 17552 17452 17452 18384 19345 19345 18384 17466 18512 18512
14754 14784 14835 14911 14967 15042 15125 10954 10954 10954 10954 10954 10954 10954 13885 13885 14887 14378 14378 14366 13331 13331 15356 16346 14312 14312 16306 22982 22982 24769 19332 20321 20321 20379 28101 28101 25690 28791 28791 23951 26557 25717 25717 26531 25717 25717 25716 24031 25769 25769 24084 24997 24997 25834 23252 23252 24164 23251 19499 19499 17398 16369 16369 18358 19400 17481 17481 18484 18455 18455 18398 20320 19345 18384 17466 18512 18512
14983 15024 15086 15172 15230 15304 14352 14352 14352 11869 10954 10954 10954 10954 10954 10954 11912 12805 12805 13304 13317 13317 13304 15313 16280 16280 16306 22982 22982 24769 19332 20350 20350 22238 24032 24032 22211 23950 23950 25650 26531 25703 25703 25717 25731 25731 24903 24903 24929 24929 24084 27479 27479 25010 27491 23292 23292 23293 19499 19499 18426 18357 18357 17495 16495 16481 16481 18484 18455 18455 18398 20320 20278 20278 18425 19526 19526
15184 15235 15308 15403 15327 15327 15327 14352 14352 14352 11869 11869 10954 10954 10954 10954 11955 13930 13930 13317 14353 13304 13304 15313 16280 16280 19255 20214 20214 20295 23077 23105 23105 24019 23134 23134 24866 24851 25691 25691 26532 26531 26531 25717 24930 24930 25755 24929 26662 26662 24151 27466 27466 25035 23225 28204 28204 23307 22386 22386 18527 18357 18357 17495 16495 16481 16481 18512 17437 17437 18344 18316 19277 19277 18396 18510 18510
11262 11262 11262 11262 11262 11262 15327 15327 15327 14352 14352 14352 11869 10954 11941 11941 11955 13930 13930 13317 14353 16333 16333 16293 19254 19254 25584 25609 25609 22196 23121 24851 24851 24851 24878 24878 25690 25690 25717 25717 26557 25742 25742 25769 24929 25729 25729 25769 27467 27467 24139 24150 24150 23212 24878 26636 28204 23307 22386 22386 18527 17510 16509 16509 16524 16495 16495 19443 16423 16423 18301 20348 19358 19358 19441 18552 18552
11262 11262 11262 11262 11262 11262 16358 15327 15327 15327 14352 11869 11869 10954 11941 11941 12940 13958 13958 16346 19280 19267 19267 19280 26396 26396 26475 24784 23120 23120 24878 24878 24878 24878 25717 25717 25689 25689 26530 26530 25755 25795 25795 24997 24984 24997 24997 23252 23280 23280 24139 24150 24150 23212 24878 26636 26636 22333 23294 23294 19556 18554 18540 18540 17584 18398 18398 19372 20251 20251 18315 19314 18396 18396 18438 18497 18497
11262 11262 11262 11262 11262 11262 16358 15327 15327 15327 14352 14352 14352 11869 12296 12296 13304 16320 16320 17318 17318 20254 20254 21214 20267 20267 21242 23105 24019 24019 25717 24878 24878 24891 32130 32650 32650 26516 25730 25730 25821 28979 28979 24138 23266 24997 24997 23252 23280 23280 23252 24970 24031 24031 24018 26544 26544 23120 21419 21419 17628 18627 17659 17659 17411 17410 17410 18357 18330 19289 19289 18300 17313 17313 20264 18396 18396
17301 11262 11262 11262 11262 11262 16358 16358 16358 15327 14337 14352 14352 13290 14296 14296 16292 17289 18290 18290 18303 19304 19304 21268 22211 22211 23120 24878 24018 24018 23963 24851 24851 24878 25717 24877 24877 25743 25795 25730 25821 28979 28979 24138 23266 25010 25010 22359 22304 22304 22236 23119 23076 23076 22181 22181 22181 22250 19457 19457 16495 16481 16495 16495 17552 18383 18383 19329 18383 18329 18329 18315 21184 21184 21226 18369 18369
17301 11262 11262 11262 11262 11262 16358 14390 14431 14431 15327 14337 14337 16331 17371 17371 16318 19241 19278 19278 20308 21283 21283 23135 23148 24865 24865 24850 23063 23063 23975 29565 29565 26516 25717 24877 24877 25743 25795 25795 24985 25822 25010 25010 22385 23212 23212 23134 23974 23974 23961 23974 22305 22305 22250 22250 22250 19457 16495 17481 17481 17437 16466 16466 17583 18484 18484 18439 16395 18355 18355 18383 18356 18356 17369 18369 18395
17301 17301 17301 11262 13290 13290 16358 14390 14431 14431 16440 18441 18441 18427 17425 17425 19387 21268 23976 23976 22224 24005 24005 24046 24046 28114 28114 30873 30860 23063 23975 29565 29565 26516 24891 24917 24917 24917 25808 25808 26635 24125 23280 23280 23147 22237 22237 22237 22237 22237 23063 23049 22279 22279 23293 24138 24138 23225 20502 16495 16495 17466 16422 16422 15490 17566 17566 21377 21198 19302 18355 18383 18356 18356 17369 18355 19357
14403 17301 17301 13329 14431 14431 15449 16469 15463 15463 16482 18455 18455 17425 18413 20365 20365 22238 27324 27324 28855 24004 24004 24891 24046 28114 28114 30873 30860 30860 29538 31533 31523 31523 26516 25704 25704 24059 24970 24970 24984 24164 22318 22318 21337 23119 23119 22250 24031 23022 23022 23049 21254 21254 23173 22359 22359 21489 19584 17584 17584 16481 17451 17451 15490 17566 21377 21377 21198 19302 19302 18343 18356 18356 17383 18356 18424
15341 14403 14403 14459 18455 18455 16482 16425 15395 15395 14402 16384 16384 17359 17358 21268 21268 20420 24865 27324 28855 24004 24004 24891 25730 22251 22251 24891 22251 22251 24045 24890 25689 25689 31522 31533 31533 25716 25769 25769 24125 25847 24071 24071 23104 23147 23147 23146 24164 23147 23147 22195 22154 22154 21226 22250 22250 20393 18440 17584 17584 16481 17451 17451 16422 17465 18483 18483 21349 17357 17357 17343 17409 17409 17409 17356 17436
17412 16454 16454 17467 16454 14364 14364 15354 17358 17358 15355 20294 20294 18345 17358 21268 21268 20420 24865 24865 23104 22168 23091 23091 23120 26530 26530 21323 24917 24917 23147 24032 24005 24005 24018 24957 24957 30968 29625 24984 24984 25834 24151 24151 22263 23173 23173 25742 22413 23211 23211 21281 23063 22154 21226 22250 20393 20393 18440 18568 18568 17523 17509 17509 18483 17465 17452 17452 16465 17465 17465 16397 16397 16397 16397 17382 17493
19444 17467 17467 16398 16357 17358 17358 16357 16344 17358 15355 20294 20294 18345 17358 21268 21268 22238 25716 25716 24004 23091 23134 23134 23120 21296 21296 22210 23119 23119 27336 23134 24032 24032 26583 24032 24032 24890 25769 23213 23213 24125 24984 24984 22385 25049 25049 22413 22413 23211 23211 21281 23063 23063 23090 19345 18330 18330 17343 18425 18425 17508 18567 18567 18553 18484 19428 19428 16466 17480 17480 17410 17410 16410 16410 16383 15577
19458 15435 15435 15354 16357 17358 17358 16357 16344 16344 17385 19346 18372 18372 18413 22224 22224 26531 23105 23105 22224 22196 22238 22238 22238 19401 19401 23962 21255 20320 20320 20378 21322 21322 23147 24004 24004 24018 23147 26556 26556 24916 24984 24984 22385 25049 22413 22413 24151 24018 24018 22210 23076 23076 23076 18384 18356 18356 19289 18370 18370 17464 17537 17538 17538 17509 17494 17494 17495 17397 17397 16342 16343 16410 16410 18412 16584
19458 15435 15435 15354 15369 17358 17358 16357 19331 19331 15368 16383 21268 21268 19415 21310 21310 22223 20350 20350 21282 20321 19386 19386 19401 18427 18427 18426 18385 27242 27242 22167 19359 19359 20378 22237 22237 24018 23147 26556 26556 24916 24877 24877 24030 24903 22250 22250 21309 24876 24876 20393 21309 21309 19428 18484 17452 17452 17397 17369 17369 18397 18468 18510 18510 18496 18497 18497 16382 16355 16355 16329 16357 16343 16343 16397 16508
18455 17425 18345 18345 16371 16370 16370 15369 17371 17371 16370 17371 27283 27283 19386 21323 21323 21282 19346 20308 20308 20321 17397 17397 18413 18399 18399 18399 18413 18412 18412 18371 19359 19359 20378 22237 25716 25716 28855 24018 24018 24903 24903 24903 23118 23104 21294 21294 23134 23119 23119 20377 19400 18411 18411 18398 18454 18454 19414 17383 17383 19343 17450 16508 16508 16494 17480 17480 17464 18355 18342 18342 17356 16343 16343 16397 16508
