BASIN_DATA/DATA/7339001/morph_cr2soil/soil_class_horizon_01.asc
NCOLS 384 
NROWS 512 
XLLCORNER -72.75 
YLLCORNER -36.5 
CELLSIZE 0.001953125 
NODATA_value -2147483647 
[rows 340 to 373 of 512, columns 231 to 307 of 384]
16540 15507 15507 16483 13462 13462 13461 12444 12444 12445 13540 12491 12491 13477 16441 16441 23065 23977 16384 16384 23052 19332 19332 16369 16424 16424 16412 15369 13402 13402 14535 14564 14564 15628 17630 17630 21491 21505 15642 15642 16648 14644 14644 14613 17616 17616 25878 14644 12619 12619 14626 16553 15505 15505 21364 19428 19428 15448 14488 14488 15462 14430 14430 24823 16383 13343 13343 14376 17384 17384 18411 22195 22195 24837 15370 14391 14391
21339 15480 15480 15480 15479 15479 13461 12444 12445 12445 13540 13557 13557 13477 12384 12384 16385 23105 18373 18373 23936 23050 23050 14376 14389 14389 15394 14378 14418 14418 14491 15523 15523 15612 13624 13624 15642 19602 15642 15642 13642 12586 12586 14628 14644 17631 17631 14644 12619 12619 14626 16553 16553 22278 16481 13444 13444 12442 15462 15462 16424 13357 13357 16383 17384 14376 14376 15380 17384 17384 23990 24823 24823 23975 15383 16400 16400
21339 15480 15480 15480 15479 15479 13462 15451 14505 14505 13477 14580 14580 15493 15465 15465 16400 16371 15370 15370 16397 16383 16383 23089 17410 17410 16410 14403 15464 15464 19474 16512 16512 15581 14628 12604 12604 16633 13624 13624 14644 12586 12586 14628 14644 17631 17631 14644 12603 12603 16647 14640 14640 14577 12519 12442 12442 15406 16424 16424 16424 17384 17384 19345 17397 15380 15380 15394 14402 14402 16397 15407 17438 17438 17425 21324 21324
16470 15480 15480 14490 15479 15479 17469 16456 13446 13446 16484 14565 14565 14549 12461 12461 13447 13359 14377 14377 17384 23049 23049 23090 16368 17424 17424 20335 16455 16455 19459 23188 23188 20477 14613 14644 12604 16633 13624 13624 14644 17631 17631 17631 16633 13623 13623 14644 13622 13622 14642 12602 12602 11532 17538 12336 12336 16397 15407 15407 15367 17384 23974 23974 17424 16397 16397 16383 16397 16397 16397 19359 24836 24836 15381 15397 15397
16470 17497 17497 15480 15424 15424 19376 23992 19402 19402 21340 14491 14491 21408 14549 15451 15451 13432 14389 14389 15421 16410 16410 23989 20335 22195 22195 16397 15382 15382 19459 23188 23188 20477 14613 14644 14644 15628 18601 18601 15611 10599 10599 16634 21478 15628 15628 16633 14627 14627 15609 14626 14562 14562 21321 15407 15407 16397 15367 15367 16370 16438 24017 24017 16410 17438 17438 17423 18398 18398 16397 19358 17397 24836 15381 15397 15397
18442 24825 24825 20323 17387 18374 18374 24824 24005 24005 23136 19417 19417 17526 19502 16526 16526 16453 14417 14417 14430 16423 16423 17452 15421 22195 22195 16397 15382 15382 14476 14549 14549 14613 13574 14628 14628 13606 14597 14597 20504 15612 15628 15628 16634 17631 17631 23282 19571 19571 13603 15609 14503 14503 13387 16383 16383 15367 16369 16369 16397 17397 18398 18398 15367 23075 23075 17423 18398 16397 16397 19358 17397 17397 18346 13330 13330
19362 21228 21228 23951 20309 20337 20337 18373 18415 18415 18442 19488 19488 18514 18515 18428 18428 17439 18412 18412 14430 16423 16423 17452 15421 17424 17424 23962 18400 18400 15493 13574 24141 24141 23215 18570 18570 21450 17570 17570 16601 16602 16618 16618 13606 15595 15595 18600 18599 18599 14626 14610 14473 14473 14403 15353 15353 15380 16383 17411 17411 17397 18398 18398 15367 23075 23075 22166 17384 20335 20335 24808 16439 16439 16399 15370 15370
19347 23065 23065 23078 19375 24838 24838 18373 18400 18400 18443 24932 24932 18457 18515 18428 18428 17439 18412 18412 14416 18440 17384 17384 15421 15421 15421 17411 15436 15436 13478 12491 18515 18515 17498 16512 16512 15508 15522 15522 17541 13525 16527 16527 16541 13478 13478 14519 20433 19527 19527 13522 17410 17410 19331 15353 15353 15380 16383 17411 17411 16409 17357 17357 21199 22113 22113 23022 23050 16369 16369 15379 17437 17437 17412 18360 18360
19375 23977 23977 23950 23976 21269 21269 21283 18400 18400 18443 24932 18457 18457 18428 19388 19388 21295 24004 24004 23119 20349 16397 16397 15407 14431 14431 15436 14506 14506 14506 12476 16512 16512 13462 14506 14506 18487 20436 16512 16512 15523 13525 13525 14520 14491 14491 14419 24864 24045 19527 13522 17410 17410 19331 14402 14402 16410 17424 17397 17397 15434 15352 15352 23063 17410 17410 15380 15421 23022 23022 23935 23936 23936 17426 17373 14392
23975 19359 20320 23950 23976 21269 21269 21283 18400 18400 20395 24892 18414 18414 17426 17386 17386 19332 25661 25661 24836 23118 15407 15407 13401 15463 15463 15523 16540 14549 14549 16541 15494 15494 15494 14506 14506 16498 15494 24074 24074 23188 16511 16511 14520 14491 14491 14419 24864 24045 24045 16482 18384 18384 17343 16424 16424 17424 24850 23962 23962 23049 22194 22194 14416 15421 17424 17424 16397 23949 23949 22127 18400 18400 21297 17399 17413
23975 19359 20320 20320 19345 18384 18384 18373 18400 18400 18400 17427 18374 18374 18373 17386 17386 17385 18371 18412 18412 15407 14416 14416 15421 15423 15423 16527 16540 13509 13509 17527 19474 19474 16498 13478 13478 13478 14506 24074 24074 23188 16511 16511 14491 15451 15451 23951 17467 15492 15492 15478 22154 22154 22127 24836 16397 16397 16410 16343 16343 23076 20349 20349 16425 16398 16424 16424 23990 17424 17424 16426 16426 16426 18387 16427 16386
20377 19427 20335 20335 18440 18398 18398 17397 18372 18400 18400 17400 22169 22169 18386 17387 17387 19347 24824 19400 19400 15407 14417 14417 21296 17413 17413 21298 20449 22281 22281 24061 19446 19474 16498 13478 13478 13478 14506 14506 14506 16483 19431 19431 18456 17469 23136 23136 14475 14489 14489 15462 14389 14389 13328 15421 14402 14402 19386 24795 24795 24823 17424 17424 16411 15435 17424 17424 17410 16411 16411 16426 17412 17412 18414 16359 16386
18470 19385 19373 19373 18426 22223 22223 23949 20320 18387 18387 18373 17372 17372 19333 19319 19319 18386 18385 17412 17412 15382 23937 23937 23951 24811 24811 21269 20449 22281 22281 24061 19446 19446 15480 14491 14491 14491 18473 14491 14491 16470 18457 18457 20381 19431 14476 14476 13445 16467 16467 15448 15448 15448 15367 18371 19386 19386 23990 19386 19386 17410 17410 17410 15423 14350 14391 14391 15424 15383 16411 16426 17412 18414 18414 16359 16346
19413 18397 18413 18413 17438 20335 20335 23062 17371 18359 18359 19348 20295 20295 23951 23923 23923 24784 17373 24838 24838 23052 23937 23937 23951 24811 21269 21269 15494 13493 13493 13478 23150 23150 19416 17468 15464 15464 17484 15465 15465 14476 15466 15466 14462 16470 23135 23135 15436 17466 17466 20378 16439 16439 20364 23908 14416 14416 15462 17424 17424 15422 15422 14405 15423 14350 14391 14391 15424 15383 15383 17413 15424 15397 15397 14353 14353
23103 19413 19373 19373 19372 19372 19372 24835 18385 17427 17427 17387 20309 20309 23963 23052 20281 24784 17373 24838 24838 23052 15396 15396 15423 15409 13403 13403 14535 17513 17513 21395 20408 20408 13461 16470 13461 13461 13461 15480 15480 16470 16470 16470 14461 15465 24032 24032 17453 15434 15434 19400 21322 17452 17452 14458 13415 13415 15462 17424 17424 15422 15422 14405 14405 24770 24797 24797 15410 14404 14404 15397 19348 14392 14392 13346 23038
23975 20307 21240 21240 20307 23962 23076 23076 18384 19346 19346 17387 20309 20309 23963 23052 20281 20281 15396 16412 16412 16412 17411 17411 15396 14433 13462 13462 13558 13558 13558 16527 18487 18487 17468 16483 15493 15493 17497 16498 16498 15465 15465 16441 16441 14460 16441 16441 18440 14444 14444 19386 21322 17452 17452 14458 13415 13415 15380 14403 14403 14352 19306 17387 17387 24770 24769 24769 23092 17400 17400 14419 17387 13359 13359 13388 13418
19359 23063 23949 23949 23962 20307 23076 23076 18384 19346 19346 19347 22183 22183 24838 23951 15409 15409 20395 22225 22225 23976 24824 24824 16385 15383 21325 21325 20491 16587 16587 16587 22335 16512 16512 14520 13492 13492 14519 13477 13477 16511 23149 15465 15465 16385 16398 16441 18440 14444 14444 19386 17424 14444 14444 15434 15421 15421 17440 18414 18414 23066 17387 17399 17399 22183 16427 16427 16386 17413 15451 15451 19348 19320 19320 14365 15369
19330 23063 23949 23949 23962 20307 21239 21239 23076 23935 23935 21242 20309 20309 22156 18386 15410 15410 15410 17399 17399 17386 16371 15423 15423 16412 22293 22293 20491 20519 20519 14598 17555 16541 16541 14549 14520 14520 16540 16511 16511 15507 23149 15465 15465 16385 16398 16398 15353 23949 23949 16410 16424 15434 15434 15423 17412 17412 17413 16442 15424 15424 15396 15396 15396 15382 21283 21283 15424 14419 14433 14433 16399 16371 16371 22143 15369
19330 20280 19318 19318 18370 19346 19331 19331 24809 20280 20280 18345 19332 23036 23036 23950 23065 23065 17399 16399 16399 15396 15397 14432 14432 15410 15465 15465 12553 22375 22375 15581 15552 17527 17527 13509 14520 14520 16540 16511 16511 15507 17399 20295 20295 25676 24836 24836 15421 24836 16410 16410 15421 19386 19386 15423 17413 17413 20338 15397 16427 16427 21284 25664 25664 24824 15424 15424 15451 17413 18401 18401 16413 16386 16386 17372 13345
22197 19361 18401 18414 18414 18386 21226 21226 19331 17370 17370 16411 16410 19373 19373 16398 17359 17359 16412 23992 23992 24838 23963 18386 18386 13360 13541 13541 12570 15596 15596 15581 15552 17527 17527 13509 14535 14535 15536 14520 17541 17541 16400 18386 18386 24824 25608 25608 18412 23962 20349 20349 15421 23976 23976 21284 24839 24839 24839 17413 17400 17400 16427 14391 14391 16412 16413 16413 16371 24839 25663 25663 19348 16386 16386 17372 13345
19375 17412 18415 18429 18429 17440 17398 17398 18397 17397 17397 16397 17369 17383 17383 16344 15367 15367 23064 23964 23964 16371 15382 13360 13360 13360 13541 13541 12570 15596 17587 17587 12522 13525 13525 22321 15523 15523 12476 15523 15537 15537 16400 25663 25663 24824 16410 16410 16410 17384 23991 23991 23951 23951 23951 23937 24810 24810 24811 24838 16412 16412 16413 15370 15370 22169 14432 16371 16371 24839 25663 25663 19348 22170 22170 17413 13388
17469 19402 17441 17455 17455 16455 16455 16455 17437 16410 15448 15448 14402 16383 16383 16382 14375 14375 23076 17397 16371 16371 15382 13360 13360 13447 13590 13590 13590 13590 22362 22362 22308 11484 11484 15523 20449 20449 15524 13493 17527 17527 20380 23951 23951 17411 15421 15421 15477 15436 18414 18414 17427 16427 16427 18415 16413 16413 16413 28050 18387 16412 16413 15370 15370 22169 14432 17427 17427 24783 24745 24745 25634 23938 23938 22144 22157
15451 15451 14461 15465 15465 15465 15480 15480 15463 15491 13506 13506 16481 14444 16383 16382 14375 14375 23076 17397 14391 14391 15409 13446 13446 13590 14613 14613 14614 22362 13558 13558 16556 18529 18529 20449 17527 18529 18529 15523 18501 18501 15508 16498 16498 17453 16468 15449 15449 21325 16455 16455 14447 15451 15451 18415 16413 16413 16413 28050 18387 18387 19376 15397 15397 23092 17427 23992 23992 23923 18400 18400 16413 17400 17400 16372 14379
14476 14476 18457 22265 22265 21353 21340 21340 15464 15491 13506 13506 16481 14444 14444 17409 15408 15408 14403 14402 14461 14461 13447 13574 13574 14613 16603 12570 12570 14598 13574 13574 13541 15537 15537 14549 15537 19502 19502 17527 15508 15508 18500 22294 22294 17468 19430 17454 17454 16456 16455 16455 14447 15451 15451 17427 15410 16413 16413 24838 24797 24797 18387 15410 15410 15410 24825 24797 24797 15424 15410 15410 15424 17387 14379 14379 13360
20423 20423 21366 22265 22265 21353 21340 21340 15464 15462 14532 14532 13474 12458 12458 18484 12457 12459 12459 15507 13589 13589 13590 17601 17601 15595 19557 13606 13606 16602 15596 15596 14580 14564 14564 16527 21395 18501 18501 19474 15508 15508 15493 19430 22294 17468 19430 17454 17454 16456 17468 17468 20380 15451 18429 18429 18429 19376 19376 26506 25650 25650 16386 16399 23964 23964 24758 21297 21297 17427 14392 14392 14433 18374 17360 17360 17360
20423 20423 21366 15494 15494 17484 20409 21366 21366 15493 14504 14504 12458 14532 14532 14532 12583 15610 15610 14627 13589 13589 16601 20518 20518 15596 13606 15596 15596 15581 12553 12553 14598 16556 16556 16556 16527 19474 19474 19474 15508 15508 15493 19430 16456 16456 18429 15436 15436 15451 19403 19403 17455 16456 15451 15451 14447 15410 15410 16413 16386 16386 16400 15397 17399 17399 15383 15424 15424 15410 14419 14419 17373 22115 23009 23009 21243
17513 17513 13493 14506 14506 15494 14506 16511 16511 20462 22306 22306 21419 13588 13588 14641 17614 12602 12602 14611 20504 20504 20504 15580 15580 14613 14597 20490 20490 21464 21450 21450 17572 16556 16556 16556 16527 19474 19474 17512 16483 16483 15464 16455 19402 19402 17441 15437 15437 17455 24007 24007 23992 18415 20381 20381 18429 14419 14419 15437 24838 24838 24825 18387 17399 17399 16400 15397 15397 15424 18387 23009 23009 14353 17332 17332 14391
15523 15523 14520 13509 13509 12476 13509 20436 20436 21407 13541 13541 13588 12602 12602 14626 21462 25849 25849 19558 22361 22361 17587 21449 16570 16570 19529 23253 20490 21464 21450 21450 17572 14581 16527 16527 13509 14520 14520 17483 17468 17468 14418 17386 23977 23977 20309 17440 17440 15437 23122 23122 25664 24826 15438 15438 16442 19376 19376 15424 17401 16427 16427 18373 14405 14405 15370 17345 17345 25635 18387 23009 23009 14353 17332 17332 14391
14535 14535 12476 13493 13493 21407 22362 22361 22361 15580 13589 13589 12570 13605 17601 17601 14612 13589 13589 15581 14598 14598 16586 21449 16570 16570 19529 23253 23253 22361 16586 16586 16586 16527 15523 15523 15494 18473 18473 19403 17441 17441 14378 23992 25678 25678 23106 18347 18347 16427 18429 24826 24826 19375 19388 19388 17426 18416 18416 17414 16401 23053 23053 15382 14405 14405 15370 17345 17345 25635 25650 17400 17400 13374 14338 14338 23009
13509 13509 12522 12538 13573 13573 20533 15596 15596 14612 15612 15612 14628 13606 16601 16601 16601 13589 13589 15581 14598 14598 16586 15536 14534 14534 16511 20490 20490 14597 18556 18556 20491 19474 14491 14491 16484 21324 21324 23977 17400 14353 14353 20337 25663 25663 25634 15424 15424 16400 16441 18401 18401 17412 20337 20337 18415 18387 18416 17414 16401 23053 23053 15382 16306 16306 25609 16370 16370 18415 16427 14433 14433 13374 20282 20282 21256
12522 12522 12553 14644 13624 13624 14613 14613 14613 13606 20532 20532 14628 13606 16601 16601 16601 17601 17601 18556 21435 21435 18570 18528 16541 16541 14548 17526 17526 14580 13557 16527 16527 16512 17484 17484 15451 19416 19416 22129 22983 26422 26422 17346 16386 16386 18346 15437 15437 16400 17373 18347 18347 17412 20337 20337 18415 18387 18387 24838 25610 24758 24758 15369 24783 24783 23992 15437 15424 15424 18387 15410 15410 13389 12369 12369 19348
12586 12586 13624 18616 20546 20546 14613 14613 14613 13606 20532 20532 14613 15595 16586 16586 16587 18557 18557 17527 16541 17541 17541 22293 20449 20449 17513 16528 16528 13525 14548 15508 15508 19446 20396 20396 16470 17413 17413 18360 14379 16346 16346 14366 15383 15383 18414 15437 15437 16400 17373 18347 18347 20281 19305 19305 18400 24811 26436 26436 20351 19402 19402 16441 17427 17427 17440 16426 16400 16400 14379 13374 13374 12325 14392 14392 17346
14628 13624 13624 18616 20546 20546 13589 12585 12585 15595 14613 20519 20519 16602 17587 17587 20505 16587 16587 23242 22321 16541 16541 17527 16512 16512 19488 14535 14535 15537 14535 14506 14506 16484 15494 15494 15383 18360 18360 15356 16346 15356 16346 14366 15383 15383 18414 25691 19376 19376 17413 19376 19376 20310 19389 19389 24784 21214 18387 18387 17427 18429 18429 14433 14433 14433 13388 16399 14392 14392 22144 16359 16359 15369 13346 13346 17360
14628 15628 15628 18616 17616 17616 13589 17601 17601 22362 15581 14598 14598 18571 21422 21422 15581 16587 16587 14549 15523 17541 17541 18529 16527 16527 19474 20449 20449 14535 17513 13493 13493 13360 14379 14379 15383 18360 15356 15356 16346 15356 15356 14433 18415 18415 25678 24811 23992 23992 18400 19375 19375 19386 24850 24850 26474 20335 18399 18399 18399 21256 21256 19333 18373 18373 17386 13374 13389 13389 14393 16359 16359 16372 16372 16359 16359
