BASIN_DATA/DATA/7339001/morph_cr2soil/soil_class_horizon_04.asc
NCOLS 384 
NROWS 512 
XLLCORNER -72.75 
YLLCORNER -36.5 
CELLSIZE 0.001953125 
NODATA_value -2147483647 
[rows 204 to 237 of 512, columns 0 to 76 of 384]
19320 19396 19528 19656 19766 19870 19964 20022 20013 20066 20037 20052 20056 20047 20033 20040 20045 20031 20061 20082 20132 20198 20335 20409 20498 18332 18332 18332 18332 18332 18332 18332 18332 19305 18486 20434 20434 22281 23216 23216 25040 28218 30936 30936 28897 25718 25718 18414 19416 19416 21323 22239 26518 26518 24825 23105 23105 24851 28074 27298 27298 24824 26463 26463 27299 28805 28805 28061 25634 24824 24824 23148 27363 27363 24005 21296 19401
19019 19115 19276 19453 19607 19761 19922 20041 20084 20170 20173 20210 20218 20210 20197 20213 20235 20237 20283 20310 20364 20432 20570 20642 20729 18332 18332 18332 18332 18332 18332 18332 18332 18332 17512 23188 23188 27469 25837 25837 24142 32286 30936 30936 28897 25718 25718 22239 19430 19401 19401 21310 28843 28843 29539 28048 28048 23976 22211 22212 22212 24825 26475 26475 28062 29526 29526 26476 26462 27350 27350 25743 23105 23105 22211 20394 19401
18978 19139 19291 19450 19591 19741 19888 19999 20054 20152 20193 20258 20278 20280 20275 20302 20334 20346 20411 20454 20526 20602 20745 20816 19292 18332 18332 18332 18332 18332 18332 18332 19292 19292 18455 25771 25771 27469 25837 25837 24142 32286 33336 33336 33317 26558 26558 26571 23149 21323 21323 19388 25677 25677 24824 25690 25690 27338 32106 29511 29511 27312 27285 27285 28062 27299 30234 30234 29613 24917 24917 24005 21323 21323 22211 20394 19401
18928 19083 19261 19404 19533 19685 19823 19930 19997 20107 20171 20253 20296 20321 20337 20382 20429 20454 20534 20596 20684 20777 20920 20992 19292 19292 19292 18332 18332 18332 17372 17372 19292 19292 18455 25771 25771 25785 22266 25785 25785 28168 24948 24948 24987 31650 31650 27337 28128 22225 22225 19387 26517 26517 33711 33182 29553 29553 27363 26558 26558 27338 28074 28074 28075 28101 27376 27376 26557 24917 24917 24005 21323 21323 20365 25662 22168
18840 18994 19196 19330 19451 19594 19725 19834 19907 20022 20097 20187 20242 20280 20308 20367 20431 20472 20563 20639 20744 20268 20268 20268 19292 19292 19292 18332 18332 18332 17372 17372 18304 18304 18346 18500 18500 20423 21352 21353 21353 23151 24074 24074 30378 32805 32805 28154 29589 24879 24879 20365 21311 21311 26532 28869 25731 25731 25744 24891 24891 24904 23161 23161 28075 28101 27376 27376 26557 22238 22238 21338 19387 23105 23105 23950 24783
18805 18945 19133 19259 19376 19529 19678 19784 19857 19973 20066 20169 20240 20292 20331 20399 20472 20526 20631 20717 20835 20268 20268 20268 19292 19292 19292 19292 17345 17345 17345 17345 19242 19242 20254 19388 19388 21340 22335 21312 21312 21325 22240 22240 24021 27378 32187 32187 28075 26532 26532 24006 22239 22239 20476 25771 27350 27350 24032 24891 24891 24904 23161 25704 25704 28114 24019 24019 22264 19375 19375 23077 23051 23064 23064 26448 24824
18850 18976 19146 19270 19384 19540 19689 19796 19872 19995 20096 20205 20286 20347 20394 20469 20551 20612 20727 20817 20941 20268 20268 20268 20268 19292 19292 19292 19292 17345 17345 18277 20227 20227 20281 19375 19375 20351 22239 23093 23093 24034 22240 22240 21284 21284 25691 25691 26491 28048 28048 27337 29578 29578 20476 25771 27350 27350 24032 22347 22347 20475 21406 20379 20379 22251 18486 18486 17425 20337 20337 19374 19360 20308 20308 25690 24850
19006 19112 19260 19397 19519 19678 19820 19921 19992 20109 20209 20317 20396 20462 20514 20592 20670 20730 19305 19305 19305 19305 20268 20268 20268 20268 20268 19304 19304 19292 19292 19254 21159 21159 20295 21269 21283 21283 22225 24006 24006 24007 24880 24880 21298 21284 22213 22213 26476 28048 28048 27337 29578 22333 22333 21462 24140 24140 23253 23174 23174 23148 20434 20365 20365 18427 18413 18413 24825 27298 25677 25677 22182 21268 21268 23105 23134
19230 19312 19436 19551 19653 19791 19927 20016 20077 20177 20273 20376 20460 20533 20592 20675 20754 20812 19305 19305 19305 19305 19305 19305 20268 20268 21296 21296 19304 19304 19304 19254 18304 18304 20254 22156 21269 21269 21311 23992 23992 23992 24852 24852 21298 21284 22213 22213 26476 26491 26491 27299 27351 26531 26531 21462 19570 19570 18569 22306 22306 26557 30245 30245 30245 29525 24825 24825 26504 26504 28817 28817 24824 25676 25676 22211 21338
19626 19690 19779 19864 19939 20052 20169 20236 20278 20358 20441 20542 20625 20698 20758 20841 20917 20308 19305 20294 20294 19305 19305 19305 19305 19401 20268 20268 21296 19361 19361 19333 20295 20295 21256 20337 20351 20351 20366 23992 23992 23992 24852 22183 22183 22183 22168 22168 22182 25663 25663 27299 27325 28857 28857 25743 24930 24930 20461 18570 25756 25756 27324 25704 25704 26505 26491 26491 25677 26557 24032 24032 24824 22196 22196 20321 18371
19874 19927 20003 20078 20136 20230 20328 20377 20405 20471 20548 20650 20735 20814 20875 20365 20308 20308 20308 19305 19305 20294 19305 19305 19305 19305 19401 19401 22238 23105 23105 21268 19361 20337 21256 20337 20351 20351 20366 22169 22169 23964 26491 24825 24825 22197 22183 22183 22183 22182 24825 24825 27257 29554 29554 28817 28830 28830 23213 19528 19487 19487 27364 27337 27337 27350 27363 27363 28883 24032 21338 21338 24824 22196 22196 20321 18371
20162 20208 20275 20338 20375 20450 20527 20557 20569 20621 20692 20796 20322 20322 20322 20322 20365 20365 20308 20308 20308 19305 20294 20294 19305 18385 18414 18414 21283 23977 23105 21268 19361 20337 20337 20366 19430 19430 20408 21339 21339 23120 29554 26505 26505 23964 23065 23065 23950 23951 22197 22197 26462 26462 26462 32708 30282 30282 30283 23214 20490 20490 26597 26610 26610 23200 26623 28883 28883 24032 21338 21338 24850 19374 19374 20294 20336
20359 20403 20467 20524 20554 20620 20693 20723 20734 20779 20844 19388 20322 20322 20322 20322 20322 20322 20365 20308 20308 20308 19305 20294 20294 18385 18414 18414 21283 23977 23977 24006 23106 21311 21311 21311 19429 19429 19444 23135 25650 25650 24851 28089 28089 28792 28792 28792 28036 28035 26475 26475 25662 28804 28804 30257 28883 30271 30271 23214 20489 20489 26597 26610 26610 23200 26623 23200 23200 20365 24851 24851 25690 20321 20321 19373 20335
20590 20638 20704 20762 20786 20844 20909 20940 20951 19375 19375 19375 19388 20322 20322 20322 20322 20322 20322 20365 20308 20308 19305 20294 20294 18441 21311 21311 23136 23149 23149 23149 23162 21339 21339 22225 20366 20366 19430 22182 25663 25663 25704 29498 29498 29498 28778 28778 28792 28778 28035 28035 27271 28035 28035 29602 28870 30271 30271 23214 20489 20489 23213 21406 21406 21406 19486 21365 21365 23991 25662 25662 23976 20350 18455 18455 20421
20826 20878 20947 21005 21029 21085 18385 18385 19459 18385 18385 19375 19375 19388 19388 20322 20322 20322 20322 20365 20365 20308 20308 19429 19429 20421 23174 23174 24930 24072 24060 24060 23175 24905 24905 25730 23120 23120 20366 21296 20351 20351 29539 28022 28022 29498 32062 29475 29475 29487 29486 29486 27271 28035 28035 29602 28870 25783 25783 22334 19528 19528 17526 18485 17496 17496 18499 23161 23161 24837 24865 24865 23976 22251 22263 22263 20420
21021 21079 21151 21213 21236 19360 19360 19360 18385 19459 18385 19375 19375 19388 19388 20322 20322 20322 20322 24958 20365 20365 20407 22264 22264 19472 21366 21366 24918 30271 27376 27376 26585 27389 27389 27389 28140 28140 26517 23976 23120 23120 20336 24797 24797 26463 29498 29475 29475 29487 29486 29486 28778 28779 28779 29578 27363 24971 24971 20475 22306 22306 24060 29626 21406 21406 20421 24904 24904 27311 25704 25704 25704 24059 16496 16496 15408
21167 21232 16398 16398 16398 19360 19360 19360 18385 19459 19459 18385 19375 19375 19375 19388 20322 20322 20322 19444 24958 24958 24945 24059 24059 24930 26584 26584 23161 24047 28154 28154 29626 28167 28167 28153 28101 27337 27337 29601 20379 20379 20336 24797 24797 26463 29498 30838 30838 28804 28804 28804 28805 28048 28856 28856 27350 24904 24904 25704 28856 28856 28127 27427 21406 21406 19458 25743 25743 26490 24851 24917 24917 23187 17482 17482 15434
21352 21422 16398 16398 16398 16398 19360 19360 19360 18385 19459 19459 18385 19375 19375 17511 19388 19388 19486 23213 24917 24917 28140 27376 27376 28921 32207 27389 27389 24032 24930 24930 29650 29650 29650 28166 28883 27337 27337 29601 20379 20379 20336 27284 27284 23936 23936 26449 26449 28804 27285 27285 26475 28856 28856 28856 24878 23976 23976 28061 27298 27298 27325 28947 23200 23200 19458 24046 24046 26490 24837 28895 28895 24046 17482 17482 15434
16411 16411 16398 16398 16398 16398 16398 16398 19360 19360 18385 18385 19459 18385 18385 19375 17511 17511 19472 22307 25756 25756 28114 32729 32729 31567 30981 30969 30969 26570 25770 25770 29650 29650 29650 28166 28883 28088 28088 28896 21339 21339 21296 26462 28778 28778 28022 24783 24783 27284 26475 26475 29539 28127 27337 27337 24005 23976 23976 28048 29511 28088 28088 29650 22292 22292 19458 26557 26557 26490 24837 28895 28895 24046 15478 15478 15477
17496 17496 16411 16398 16398 16398 16398 16398 16398 19360 19360 19360 18385 19459 19459 18541 24904 28884 28884 21311 20421 20421 22279 20408 20408 23187 24945 30969 30969 26570 25770 25770 28946 28921 28908 28908 27377 28883 28883 29601 19429 19429 19415 23051 28035 28035 26463 26476 26476 25649 24783 24783 24838 25649 26462 26462 27256 28022 28022 26462 30899 27350 27350 28934 22292 22292 19458 26557 26557 26490 28101 25743 25743 19471 15521 15521 15521
17496 17496 17496 16411 16411 16398 16398 16398 16398 17497 19360 19360 18471 24945 24945 18513 20407 20379 20379 25730 19387 19387 22279 20408 20408 23187 24945 27389 27389 29566 28166 28166 29638 32196 31545 31545 28896 29650 29650 25730 20434 20434 20408 19360 26475 26475 25650 23936 23936 24796 23923 23052 23052 23051 23064 23064 25649 25649 25649 26517 30899 27350 27350 28934 22306 22306 20407 28101 30899 30899 27363 19528 19528 17568 16585 16585 13523
17496 17496 17496 17496 17496 16411 15521 16398 16398 18455 17497 17497 18486 21352 21352 20408 19458 20379 20379 25730 19387 19387 19388 19388 21311 21311 22264 23187 23187 22252 22251 22251 24891 28140 27377 27377 29626 27389 27389 23135 19429 19429 19429 20336 27271 27271 24810 24770 24770 25584 24757 24769 24769 26448 27298 23064 25649 25649 25649 26517 27350 28869 28869 26597 22306 22306 20394 28127 28127 28127 19514 19514 19514 14533 13491 13491 13507
17411 17411 17496 17496 17496 17496 16411 15521 15521 17539 22348 22348 18486 21352 20408 20408 19458 18456 18456 19401 19415 19415 24047 26557 20407 20407 22279 27376 27376 26544 25718 25718 24878 25704 28048 28048 27311 26517 26517 22225 20365 20379 20379 23077 27256 27256 24770 23910 23910 23897 24757 24769 24769 26448 27298 27298 25677 24838 25704 25704 27376 27440 27440 28154 21406 21406 20394 24945 24971 24971 19500 18499 18499 16496 28087 15449 15449
17411 17411 17411 17496 17496 17496 17569 15521 15521 17539 22348 22348 23200 23148 23120 23120 19415 19387 19387 19387 21310 21310 24032 23136 23149 23149 25730 26532 26532 26558 26544 25704 25704 27284 26448 26448 25609 27324 27324 23077 21255 20350 20350 22196 26462 27256 24770 23910 23897 23897 26435 28048 28048 24837 24851 24851 26544 26557 30282 30282 30282 27376 27376 25783 20461 20461 19458 24072 22306 22306 18499 20421 20421 25690 24810 22182 22182
17411 17411 17411 17496 17496 17496 17569 19528 19528 22361 23174 23174 23149 24047 24032 24032 27363 19387 19387 19387 27337 26570 26570 24005 23135 23135 24006 26557 26557 24019 26544 26517 26517 25649 23064 23064 23037 23922 23922 24796 21255 20350 20350 22196 26462 26462 28752 23869 22114 22114 22128 23105 23105 24019 25743 25743 25743 27363 26557 26557 27363 32174 32174 27414 25783 21406 21406 19458 21351 21351 22264 23161 23161 25677 23037 20336 20336
17411 17411 17411 17411 21434 21434 23253 23253 23253 23226 23120 23120 24019 24005 24879 24879 23991 19387 19387 19387 19387 19401 19401 23148 20379 20379 18441 21323 21323 24851 26531 26490 26490 23951 24810 23064 23037 23922 24796 24796 25662 21268 21268 21282 21255 21255 26448 24744 27202 27202 23976 22238 22238 24892 27337 26544 26544 23161 23213 23213 23213 27427 27427 28957 23187 19486 19486 20434 26516 26516 26517 24851 23161 25677 23037 20336 20336
18318 18318 20321 20321 28969 28969 31614 29663 29663 24032 24019 24060 24060 23992 24005 24005 24866 24005 24005 19401 19415 20379 20379 22224 19416 19416 19416 21296 25704 25704 26531 26490 26490 23951 24810 24810 23052 21255 23105 23105 23991 23105 23105 20336 22196 22196 22155 25584 27271 27271 26504 24878 24878 26532 25718 24032 24032 20461 21379 21379 19472 19486 19486 21393 18499 20421 20421 20434 26516 26516 26517 24851 24824 24824 23037 20280 20280
19279 18318 18318 20295 20447 20447 23240 24985 24985 30957 28192 23135 23135 25718 24865 24865 24032 23135 23135 22264 23174 20407 20407 19416 18427 19416 19416 21296 25704 25704 27298 24810 24810 23064 28022 28022 23077 21310 23120 23120 23105 23051 23051 23950 25634 23909 23909 24757 23950 23950 27337 25704 25704 26517 24033 19514 19514 18513 16496 16496 28896 20408 21393 21393 18499 20421 20421 25743 25661 25661 27284 24837 24837 24837 24796 19360 19360
18358 19279 19279 20280 21366 21366 23226 24112 24112 24930 24904 28843 28843 28843 28115 28115 27376 27376 24905 24905 23174 20407 20407 19416 18427 18427 20350 22182 27324 27324 26490 24824 24824 23950 25662 23963 23963 21311 23120 23120 23077 23909 23909 26435 23896 23896 23896 23936 23037 23037 23105 24005 24005 23135 19458 21406 21406 18513 16496 16496 28896 20408 18471 18471 22279 22279 22279 26504 26462 26462 24824 27298 27271 27271 25634 21268 21268
19278 20240 20240 21228 20407 20407 21394 21338 22251 22251 24892 24852 24852 25717 29613 28115 27376 27376 24905 24905 24073 23149 23149 24879 25677 25677 23078 23077 23976 23976 27298 26504 26504 24005 23991 26475 26475 27284 22238 22238 21268 21215 21215 24757 26408 23037 23037 22142 23051 23051 23105 24890 23135 23135 19458 21406 21406 21393 17496 17496 24033 28140 26570 26570 23161 21323 21323 22196 25662 23950 23950 23078 21268 21268 22141 21228 21228
19346 20280 20280 21268 20379 20379 21351 27363 24878 24878 24892 24852 24852 25717 29613 29613 31556 28154 28192 28192 27414 24918 24918 24879 28061 28048 28048 22182 19374 19374 19347 22224 22224 20336 21255 21241 21241 22155 22182 22182 21268 23051 23008 23008 22995 27216 27216 22142 23051 23051 23105 24890 19444 19444 19528 18555 18555 17553 20434 20434 29613 26557 26557 26557 26490 20350 20350 21310 20350 23935 23935 23037 21214 21214 21159 21171 21171
20434 18442 18442 25730 21311 20379 21351 27363 24878 24878 24851 24865 24865 28883 29589 30295 30295 32770 28921 28921 28166 28153 28153 27338 28061 27271 27271 27284 26475 26475 19304 22128 22128 22142 23909 23008 23008 22114 22182 22182 18413 22995 23008 23008 22995 27216 27216 22182 22168 22168 23135 24046 18471 18471 17525 17569 17569 17585 16539 27376 27376 31523 31500 31500 27283 25662 25662 20350 19374 18371 18371 19331 20280 20280 21199 20212 21214
20434 18442 18442 25730 21311 21311 21323 21323 24019 24019 22224 26557 26557 30957 31590 30343 30343 28921 28921 28921 28896 27337 27337 27311 25634 25609 25609 24769 28048 28048 26504 23051 20267 20267 19318 23008 23008 22114 22182 22182 18413 22995 23869 23869 22101 26435 26435 21255 21282 22251 22251 24046 23135 23135 18471 17585 17585 15565 18527 20434 20434 21351 24824 24824 25634 23950 23950 24824 18384 17411 17411 23936 21200 21200 20253 20212 21214
22373 18485 18485 21379 26610 23162 23162 21268 24810 24810 23976 24837 24837 26504 27364 27364 27364 25704 28896 28896 28140 28061 25622 25622 23950 23922 23922 23051 23936 23936 27298 24837 20267 20267 19318 23008 23008 24757 21296 21296 17453 21255 24769 24769 24744 22168 22168 21296 20267 22211 22211 24032 24032 24032 21338 21310 21310 22279 21393 19514 19514 19458 26504 26504 25677 23064 23922 23922 19373 18385 17411 23936 21200 21200 20253 22128 21213
