BASIN_DATA/DATA/7339001/morph_cr2soil/soil_class_horizon_04.asc
NCOLS 384 
NROWS 512 
XLLCORNER -72.75 
YLLCORNER -36.5 
CELLSIZE 0.001953125 
NODATA_value -2147483647 
[rows 34 to 67 of 512, columns 154 to 230 of 384]
28805 30151 29440 29440 31442 30186 26532 26532 27312 26476 26476 26476 28766 27997 27997 30186 27257 27257 27244 29512 29511 29511 26462 26475 26475 26476 28009 28009 27997 27217 27997 27997 27231 30163 30163 28766 27997 27997 27997 28765 26475 26475 25676 23050 27983 27983 26420 28764 28764 27983 27215 27215 27958 27933 28700 28700 27934 23855 23855 23908 23895 23883 23883 24693 25533 25533 29377 25521 26382 26382 26396 26369 26369 26381 26368 26368 27215
30186 30804 30127 30127 30127 30804 26476 26476 27272 26448 26448 27257 28010 27244 27244 28766 30186 30186 29499 28791 30186 30186 30862 28036 28036 26463 28778 28778 28778 26435 27997 27997 27231 30163 30163 28010 26421 26448 26448 28817 28060 28060 25676 23909 27215 27215 26435 28764 28764 26407 26382 26356 26356 23830 27163 27163 25608 23908 23908 23896 22995 23818 23818 26356 26356 26356 24666 23805 25534 25534 25545 26369 26369 26381 26368 26355 26355
28740 28740 29464 30816 30816 32038 27972 27972 27983 30151 30151 26436 27257 28766 28766 27244 28779 28779 29476 28010 27256 27256 29487 29487 28036 26463 28778 28778 28778 26435 26421 26421 27231 29476 29476 27243 27996 28022 28022 28803 26503 26503 23922 23023 27201 27201 27243 27229 27229 26395 26407 25596 25596 23844 23895 23895 22128 23022 23022 23036 25559 26343 26343 26356 24693 26356 24666 23805 25534 25534 25545 25533 25533 27163 26342 26342 26342
29476 28753 29477 30163 30163 29464 27972 27972 30139 30804 27984 27984 27244 30175 30175 28766 30163 30163 28023 28010 27256 27256 29487 29487 29487 29487 28752 28752 28752 28752 26421 26421 26421 26420 26448 26448 28765 28035 28035 28791 28021 28021 24705 26395 28712 28712 27982 27176 27176 28689 27982 26368 26368 23830 24718 24718 24783 27271 28701 28701 25559 26343 26343 26356 24693 24693 25520 25521 24680 24680 23805 27164 27164 28689 27909 27137 27137
30175 28753 31454 29487 29487 27244 28753 28753 30151 29464 28765 28765 28010 30175 30175 28766 30163 28023 28023 27257 26449 26449 26449 28766 28766 30175 28765 29463 29463 29463 27996 27996 27230 26435 27255 27255 26434 27255 27255 28035 28035 28751 28751 28701 29426 29426 28688 27933 27933 28688 27164 28700 28700 28700 24718 24718 24783 27271 28701 28701 27946 27934 27934 25546 24693 26356 26356 24692 26356 26356 24667 26328 26328 26316 25507 26342 26342
32631 32631 32663 32652 32652 29476 30163 30163 30151 29464 28765 28765 28010 28023 28023 28766 29486 28023 28023 28779 28779 28779 26436 27244 28752 28752 29476 28752 28752 28752 29486 29486 28752 28778 27242 27242 28022 28022 28022 27256 28022 28764 28764 29485 27933 27933 28713 28712 28664 28688 27164 28700 28700 28700 28008 28008 26368 26369 28676 28676 27149 25521 25521 26356 27177 25521 25521 25494 25508 25508 25521 24652 26328 26328 26355 26342 26342
30175 30175 32663 32652 32652 29476 30163 30163 30850 30829 27997 27997 28766 30186 30186 28022 26449 28779 28779 28792 28779 28779 27244 26436 27257 27257 29487 29486 29486 27996 29475 29475 28778 27256 28009 28009 28008 28765 28765 28008 28751 28021 28021 29485 27933 27933 28713 28712 28664 28664 29389 29401 29401 28688 28688 28688 27164 27958 27189 27189 27934 27164 27164 27176 28688 24705 24705 26343 26317 26317 25494 24651 26355 26355 27163 27137 27137
30175 30175 30163 28766 28766 30175 30163 31477 31477 30875 29512 29512 28779 29498 29498 28779 27257 28023 28023 28766 28740 28740 27231 28779 28779 28779 28753 29487 29487 29475 28752 28009 28009 27230 27996 27996 27242 28752 28765 28008 28751 28021 28021 28777 27243 27243 28778 27230 27971 27971 27933 27177 27177 27202 27202 27202 27202 27202 26396 26396 26396 27177 27177 27189 27189 27959 27959 26356 26355 26355 25508 24679 26356 26356 26343 27897 27897
27231 27231 30163 27996 27996 27217 29487 27244 27244 28791 30198 30198 29475 28766 30175 30175 28779 28779 28779 28779 29487 29487 28766 28766 28766 28766 28753 27996 27996 28752 27996 26435 28009 27230 27996 27996 27242 28752 26408 26408 28764 27243 27243 27243 28008 28008 27256 28035 28009 28009 27215 26408 26408 26396 26369 27164 27164 27946 27164 27164 26369 26382 26396 26396 26408 25584 25584 27201 25545 25545 25533 27945 25533 25533 26343 27897 27897
29464 29464 28754 27231 27231 29476 30186 28009 28009 29499 28779 28779 28023 27257 28779 28779 30839 30163 30163 29476 28753 28766 28766 28766 28766 28766 28740 27996 27996 28752 27996 26435 26435 27202 26435 26435 26434 27983 26448 26448 28009 26448 26448 26462 26448 26448 26462 27271 28009 28009 28765 26382 26382 27959 27946 27959 27959 27934 27934 27934 27983 27189 26382 26382 25571 25584 25584 23844 25545 25545 25533 27945 25533 25533 27921 26328 26328
29464 29464 26408 29476 29476 27997 28023 26421 26421 26421 26435 26435 26463 27285 28036 28036 29476 30163 30163 28753 28766 28766 28766 28766 28766 28766 28740 27984 27984 27997 28725 27243 27243 27243 27996 27996 27983 28778 28777 28777 28009 26462 26462 28021 28021 28778 28778 28035 28035 28035 28035 28778 28778 27202 27934 27934 27934 27946 27177 27177 27946 26408 26396 26382 25571 25584 25584 23844 25546 26381 26381 26396 26381 26381 25545 27176 27176
31477 31477 30163 27997 29476 29476 27244 26436 26436 27272 27285 27285 27285 28805 30850 30850 29476 30163 30163 28753 28766 28766 28766 30816 28753 28753 27231 28740 28739 28739 27215 27256 27256 27243 28739 28739 28009 27271 27271 27271 26462 26448 26448 28035 28764 29486 29486 28765 28765 28765 28765 28009 28765 28765 27216 27958 27958 27946 27177 27177 27946 26408 26396 26396 26382 25559 25559 25584 26382 26382 26382 27177 25545 25545 27933 28701 27176
28766 28766 27997 28765 26421 26421 26436 28036 28036 28805 27285 27285 27285 28805 30850 30850 30164 29475 29475 27256 28766 29476 29476 28740 28740 28740 26421 25585 27217 27217 26408 27256 27256 28009 27982 28035 28035 26462 25662 25662 26462 28035 28035 28791 28790 28817 28817 28855 29600 29600 28868 29552 28765 28765 27216 27958 27958 28724 28712 26369 26369 27202 25559 25559 27164 25559 25559 24705 24706 25559 25559 27201 27176 27176 31395 30103 25534
26437 26437 28036 28792 25635 26421 26436 28036 28036 28805 30198 31489 31489 30210 29499 29499 30163 29487 29487 26421 30816 28740 28740 27231 29487 29487 27997 26409 27257 27257 28766 28791 28791 28764 26447 27256 27256 25649 25649 25649 27284 27284 27284 28804 30245 28883 28817 28855 29600 29600 28868 29552 29497 29497 27230 27243 27243 27945 27934 27163 27163 27163 25521 25521 27177 25559 25559 26396 26382 25583 25583 27177 27958 27958 27933 27933 27945
26437 26437 28036 28792 25635 25635 28792 28805 28805 28049 28049 28792 28792 29500 29512 29512 29512 28766 27244 27244 28779 28740 28740 27997 30828 30828 32062 28792 27271 27271 30838 30185 30185 29485 28778 26448 26448 26448 29510 29510 27271 27284 28804 28804 30245 28883 28883 30860 28790 28790 28738 27995 27996 27996 28009 28739 28739 25596 26356 27150 27150 25546 25534 25534 27177 27189 25559 25559 27189 27189 27189 26368 26382 26382 26368 27149 27921
24810 28792 28792 29526 29512 29512 28049 30211 30211 30863 30186 32084 32084 30198 28766 28766 28010 27257 27245 27245 27244 27257 27257 28766 28766 29525 29525 26475 25662 25662 28792 30186 30186 28022 28764 26448 26448 26448 29510 29510 27271 28009 27256 27256 28022 28022 28022 27229 27255 28022 28022 28765 28778 28778 28009 28022 28022 28009 25609 26382 26382 25634 23936 23936 25609 26448 26435 26435 27230 27243 27243 29486 26395 26368 26368 27150 27922
27285 28805 28805 31502 32084 32084 29499 30175 30198 30198 30176 30198 30198 29499 28766 28766 26449 25650 26476 26476 26476 28779 28779 28779 29512 28036 28036 28049 26490 26490 28792 30186 28022 28022 28764 26462 26462 25634 28803 28803 28022 27243 28009 28009 28009 28778 28778 27255 25649 31476 31476 31476 28804 28804 25662 26475 26475 26490 26475 28061 28061 28061 24810 24810 26490 27298 26490 26490 26435 28035 28035 29486 26395 26368 26368 27150 27922
26463 27286 27286 29527 30199 30199 32641 28766 29488 29488 28010 27257 27257 29487 30187 30187 27257 26491 25678 25678 28089 29476 29476 29499 29512 28036 28036 28049 26490 26490 25635 26449 28022 28022 26475 25648 25648 25704 26531 26531 28061 28034 28009 28009 27255 29525 29525 28087 28074 31476 31476 28047 28074 28074 28060 27283 28816 28816 28073 26544 26544 25689 29577 29577 30256 29577 26490 26490 26435 28035 28035 26462 26419 27230 27230 28738 29426
27285 28024 28024 26464 28780 28780 29476 30839 28753 28753 27997 26437 26437 27272 28023 29499 29499 25650 26491 25678 28089 29476 29476 29499 30186 30186 30186 25635 25650 25650 24851 26517 27311 27311 27284 26504 26504 26503 26503 27311 27311 28048 28074 28074 28843 28829 28829 29566 28829 26544 26544 27362 29577 29577 27349 28856 28869 28869 28114 27376 26544 25689 29577 30256 30256 29577 29588 29588 28113 27337 27337 28061 28061 27256 27256 26462 27255
23977 25598 25598 26422 28010 28010 32050 33161 32641 32641 32641 28767 28767 27272 28023 29499 29499 25650 26491 26491 30875 30850 28766 28766 29487 29499 29499 27272 30209 30209 28831 26476 26490 26490 28048 26490 26490 29553 28061 28817 28817 28804 28048 28048 28843 28896 30295 30295 27376 26557 26557 27363 28113 28113 29613 28856 28869 28869 28114 27376 27376 25743 25755 27400 27400 26584 25742 25742 28166 28140 28140 27297 27284 25662 25662 25662 26461
28740 26398 26398 28753 28766 28753 28753 28010 32641 32641 32641 28767 28767 29499 28792 25650 25650 25663 26505 26505 26491 27285 27285 27285 28010 26449 26449 24825 28818 28818 30210 31501 28049 28049 28049 26490 26490 28830 28804 28061 28061 28061 28074 28074 28101 28908 28908 28908 25730 26557 26557 27363 28113 28113 29613 27375 28101 28101 26543 27376 27376 28139 28140 28140 28140 27362 27388 27388 29601 28088 26531 26531 25717 24851 24851 24005 22223
31466 33661 26398 28753 28766 28753 28753 28010 28010 28010 31466 28779 28779 28036 28779 25650 25650 27312 26532 26532 26518 23977 24825 24825 28049 30861 30861 25662 32107 30875 30875 30887 30875 30875 28805 28049 28049 31501 30198 28088 28088 28088 30233 30233 28101 28908 28908 28908 25730 25730 25730 28153 28113 28869 28869 28114 25730 25730 24032 24864 24864 25703 27337 25704 25704 24004 26530 26530 25690 24864 24019 24019 24004 24004 24004 22210 25704
31466 33661 33661 28766 26421 27997 27997 28011 27257 27257 29499 28036 28023 28023 27272 25663 25663 25705 28089 28089 28075 27299 25650 25650 28792 29512 29512 25678 28818 30235 30235 27285 28075 28075 28818 28818 31513 31513 30198 28088 28088 28088 30233 30233 28869 28869 28140 28140 25716 25730 25730 24904 27362 28074 28074 24851 22224 22224 22237 22224 22251 22251 24904 23134 23134 22223 22224 22224 21295 22211 22210 22210 21310 22211 22211 26504 24851
25624 26464 26464 26463 25610 28767 28767 27245 28011 28011 29499 27257 26436 26436 25650 25691 25691 23121 27312 28792 28792 32620 29487 29487 32631 32107 32107 27284 25635 25635 25635 24811 26492 28075 28818 28818 31513 31513 29539 26491 26491 28088 28831 28831 28856 28126 27363 27363 24904 24046 24046 24019 28895 26530 26530 23135 21351 21351 25703 25677 22211 22211 21309 22223 22223 25704 24005 24005 21309 26516 24851 24851 27324 26504 22211 26504 24851
27391 25691 23951 23951 25651 27258 27258 24770 28753 28753 27257 25650 23977 23977 23162 24006 24006 28062 28805 28010 28010 28010 28766 28766 29499 29526 29526 27284 25635 25635 25635 24811 26492 26492 28062 30222 28818 28818 28844 28831 28831 27389 27325 28101 28101 27363 24004 24004 24046 22251 22251 21338 25703 22238 22238 22264 24032 24032 25716 27310 27349 27349 27337 25677 25677 26490 25690 24850 21309 26516 24851 24851 27324 26504 26504 29552 26489
24060 28116 30222 30222 27273 24797 24797 28766 28753 28753 27257 24810 23992 23992 24007 25663 25663 28023 32641 28753 28753 30163 28766 28766 29499 29526 30887 30887 28792 30210 30210 26463 27286 27286 26492 27299 28075 28075 32686 28088 28088 26544 26544 26531 26531 23120 23120 23120 24865 24019 22237 22237 21310 20379 20379 24032 26544 26544 27362 27349 26544 26544 26544 25677 25677 26490 25690 24850 24850 29524 25677 25677 23976 24824 27271 27271 26475
28129 31536 26492 26492 24838 28805 28805 29488 29488 26449 26449 21256 25623 25623 28011 26422 25663 28023 32641 28753 28753 30163 28779 28779 28022 28843 29540 29540 28075 30887 30887 28063 28063 26491 26491 28050 28076 28076 28114 26557 26557 22238 21338 21338 21338 23991 28088 28088 28817 24865 22211 22211 21295 25690 25690 26544 27363 26544 27362 27349 26544 26544 26544 26531 26531 26491 25678 24851 24851 26489 30208 30208 24824 23962 25648 25648 28073
23992 24853 23121 23121 26546 28103 28103 28062 28063 24811 24811 21256 25623 25623 28011 26422 25611 25611 26450 28766 28766 28766 28049 28049 26463 27284 25649 25649 26476 28075 28075 29540 28075 30900 30900 27313 24838 24838 24878 21323 21323 21338 26517 27312 27312 28102 28101 28101 27324 26503 23991 23991 21295 25690 25690 26544 27363 26569 26569 27362 27349 27349 27351 26545 26545 26518 27312 25690 25690 24824 28790 28790 27270 25677 24865 24865 26530
24838 22212 28063 28063 24853 28103 28103 28062 28063 24811 24811 23039 28024 28024 28754 33151 27997 27997 24785 24798 24798 24797 23977 23977 24825 24825 27299 27299 26505 27325 27325 27325 31557 31524 31524 28089 25691 25691 24865 23120 23135 23135 30281 27324 27324 30245 28101 28101 27324 26503 23991 23991 24851 25677 25677 27311 27362 27363 27363 30933 30956 30956 29613 28843 27325 27325 26505 24838 24838 24851 28816 28816 27297 23991 25704 25704 26516
24838 22212 28063 28063 24853 24060 24060 24074 24853 21297 21297 23053 30175 30175 33161 33650 29476 29476 26437 23923 23923 24811 24880 28075 28075 30875 30235 30235 27312 28062 28062 27326 28871 28102 28102 27312 26505 26505 29578 27325 25662 23135 30281 27324 27324 30245 32118 27336 27336 27350 24837 24837 23976 25677 25677 28101 26530 28842 28842 26543 25743 25743 26544 27351 28089 28089 26505 23964 23964 26517 28829 28829 26517 24837 26544 26544 25676
24811 24826 24825 24825 24007 18456 21312 21312 22197 23078 23078 26464 28767 28767 28755 28766 30176 30176 30175 28792 28792 27285 26476 24865 24865 28049 26491 26491 23964 27325 28090 28090 28103 30935 30935 27312 26505 26505 29578 27325 25662 25662 27363 29588 29588 28868 28152 32118 32118 29552 25690 25690 25677 27311 27311 28060 27310 26516 26516 28113 24878 24878 25678 27325 27325 27325 25691 26505 26505 26517 27323 27350 27350 25743 26503 26503 28073
28023 23993 20366 20366 21298 23094 27273 27273 30851 26449 26449 26464 27245 27245 27258 25611 28792 28792 28037 33172 33172 31489 26476 24838 24838 26491 24838 24838 29578 29540 28090 28090 28103 30935 30935 28103 25692 25692 28844 28128 22224 22224 22224 24072 24072 23148 26543 26596 26596 28127 27311 27311 27310 29566 25677 25677 24864 27349 27349 27349 25690 25690 26517 25677 29566 29566 27338 26518 26518 26531 28855 27350 27350 25743 26503 26503 28073
28011 22213 22240 22240 25679 27286 28024 28024 27998 31455 31455 25599 26437 23938 23938 24785 25624 25624 24812 32095 32095 30186 26505 28856 24838 26491 24838 24838 29578 29540 28090 28090 28857 29580 29580 29579 27299 26517 26517 27364 29602 29602 21310 20447 20447 23148 24851 25677 25677 25704 27311 27311 28074 24824 25677 25677 27324 28073 28073 24877 26517 26475 26475 27336 30911 30911 27338 26518 26518 26531 28855 30233 30233 27323 27297 27297 28060
29527 23993 20423 20423 24880 28024 27232 27232 27999 29477 29477 33141 27245 23924 23924 23897 25624 25624 25635 32095 30186 30186 26505 28856 28856 23992 28089 28089 31501 29590 29580 29580 28858 27339 27339 27299 28075 27351 27351 28127 28166 28166 24019 21365 28101 28101 30886 27284 27284 23064 23991 23991 24837 27298 26490 26490 29539 23991 23991 23091 26517 26475 26475 27336 30911 30911 30245 30233 30233 29553 28089 30934 30934 28100 28074 28074 26490
