BASIN_DATA/DATA/7339001/morph_cr2soil/soil_class_horizon_06.asc
NCOLS 384 
NROWS 512 
XLLCORNER -72.75 
YLLCORNER -36.5 
CELLSIZE 0.001953125 
NODATA_value -2147483647 
[rows 0 to 33 of 512, columns 77 to 153 of 384]
17390 17468 17485 17492 17519 17532 17545 17565 17543 17563 17597 17646 17717 17781 17818 17872 17965 18051 18162 18275 18413 18565 18695 18833 18963 19126 19314 15736 15736 15736 15847 15720 15720 15720 16739 16739 16739 16739 19255 19255 20201 21256 21366 21366 24061 27338 27338 30210 28805 28805 27312 25718 27339 27339 26519 26533 26533 28845 28076 25719 25719 23122 25719 25719 24853 28831 31466 31466 30175 29477 29477 29477 30223 30223 27313 29512 30139
17349 17423 17445 17458 17492 17512 17527 17549 17543 17584 17635 17690 17765 17833 17874 17931 18040 18141 16828 16828 16828 16828 16828 16828 16828 16828 16828 16828 15736 15736 15736 15847 15847 15720 15720 16739 16739 17331 19267 19267 21173 21298 22281 22281 22266 28884 27338 30210 28805 27312 27312 25718 28089 28089 28832 28090 28090 28818 30236 26519 26519 25692 24893 24893 23992 23993 28062 28062 29512 29488 29488 29541 30210 29527 29527 28766 29512
17376 17441 17463 17477 17509 17535 17556 17582 17588 17636 17692 17751 17825 17895 18387 18387 18387 18387 18387 18387 16828 16828 16828 16828 16828 16828 16828 16828 18360 18360 15736 15736 15736 15847 15720 15720 15720 17318 18305 18305 21173 21298 22281 22281 22266 28884 28884 28857 28805 28818 28818 27325 28075 28075 30222 28831 28831 28779 30875 30876 30876 26506 26519 26519 29567 26505 24906 24906 24906 26559 26559 29541 29512 29476 29476 29464 29464
17427 17490 17520 17538 17572 17619 17651 17687 17698 17748 17804 17863 17935 18007 18387 18387 18387 18387 18387 18387 18387 16828 16828 16828 16828 16828 16828 17318 17346 17346 18360 15736 15736 15736 15847 15720 15720 17318 18305 18305 20254 19376 24893 24893 24867 28870 28870 28871 28831 28792 28792 29512 28792 28792 28792 29512 28075 28075 29526 30850 30850 30222 28832 28832 29541 29540 28075 28075 24867 24893 24893 26506 29526 29476 29476 29487 29464
17428 17490 17530 17554 17592 17658 17701 17747 17760 17813 17874 17937 18009 18319 18387 18387 18387 18387 18387 18387 18387 18387 18387 16828 16828 16828 16828 17346 17318 17346 18360 15736 15736 15736 15847 17318 17318 16320 19255 21161 21161 19362 24034 24034 24867 29580 29580 28870 29554 29512 29512 28036 28036 28036 29512 30862 28792 28792 26532 28831 28831 30222 30186 28806 28806 29499 30175 30175 28075 25732 24893 26506 29526 29476 29476 29487 28753
17405 17469 17518 17548 17590 17654 17713 17775 17795 17854 17917 16372 16372 18319 18319 18387 18387 19334 18387 18387 18387 17360 17360 16346 16828 16828 16828 17346 17318 17318 18360 17331 15736 15736 16346 16320 16320 18305 19242 21135 21135 21270 22240 22240 25719 28858 29579 29579 29554 30210 30210 31501 30186 30186 29512 29512 29512 29512 28792 27338 27338 28819 30127 30817 30817 29499 30175 30175 28075 25732 25692 25692 28805 28766 28766 28766 27231
17478 17543 17593 17630 17677 17740 17793 17850 17868 17930 17998 16372 16372 16372 18319 18319 18319 20296 19334 18387 18387 17360 16346 16346 16828 17346 17346 17318 17318 17318 18305 18360 17331 17331 18305 18319 18319 20227 21135 21161 21161 21257 22226 22226 24020 28845 29590 29590 30271 30235 30235 30198 31477 31477 30198 31535 26558 26558 28089 27338 27338 28819 30127 30817 30817 29477 28753 28753 30176 26477 24880 24880 25692 25678 25678 25651 26421
17574 17636 17688 17727 17774 17835 17885 17939 17955 18014 17387 16372 16372 16372 18319 18319 18319 20296 19334 19334 18387 17387 17360 17360 16346 17318 17318 17318 16320 16320 16320 16306 19266 19266 18304 19254 19254 20201 21135 22090 22090 21271 22226 22226 23121 28858 29554 29554 30235 30222 30222 33172 32095 30222 30198 31535 26558 26558 28089 28831 28831 28793 28741 30164 30164 28754 30164 30164 28754 27232 27286 27286 27299 28792 28792 26476 26464
17630 17695 17749 17790 17838 17896 17949 18001 16843 18074 17387 16372 16372 16372 16372 18319 18319 18319 20296 20296 19334 21243 20296 20296 17317 17331 17331 18333 15342 15342 15342 18291 19254 19254 19254 20201 22077 22077 22090 21244 21244 21270 22226 22226 24020 28090 30222 30222 30235 30222 30222 33172 32095 30222 30222 27338 26585 26585 26585 28844 29527 29527 29476 28011 28011 30175 30176 30176 30829 28024 28806 28806 29512 28023 28023 29526 28792
17729 17796 17850 17881 17928 17987 18042 18094 16843 16843 16843 17387 16372 16372 16372 16372 16372 18319 18319 18319 20296 23965 17372 17372 16358 16359 16359 24771 19293 17318 17318 19280 20228 20228 19255 21174 22116 22116 22157 21257 21257 21271 22240 22226 24020 28090 30222 30222 29499 30235 30235 29554 30186 32095 32095 30235 30935 30935 28141 27338 28075 28075 29526 28831 28831 28793 29488 28754 28754 28741 28049 28049 29526 28818 28818 28805 28036
17862 17923 17974 17996 18035 18088 18147 18200 16843 16843 16843 17373 17387 17387 16372 16372 16372 16372 15356 14405 14405 15396 17373 17373 17359 19305 19305 16345 18305 19255 19255 22065 21148 21148 21148 21216 21270 22116 22157 21257 21257 21271 22240 23992 23992 27338 28090 28090 28831 26518 26518 28857 30235 30198 30198 30850 30887 30887 31535 28870 30912 30912 30198 28792 28792 27272 27258 28063 28063 29541 28832 28832 29541 28818 28766 28766 28766
18071 18126 18170 18185 18216 18262 18321 18374 16843 16843 16843 16843 17373 17373 17387 16372 16372 17400 15397 14405 14405 14405 21242 21242 22143 14352 17317 17317 22089 24708 24708 19243 21148 21148 21148 21216 21270 21270 22198 21270 21270 22199 22240 25705 25705 27326 28075 28075 28076 26506 28076 28076 30258 30875 30875 28779 29511 29511 30210 30222 29540 29540 29499 29540 29540 29579 28858 28857 28857 28089 29567 29567 29554 28818 28766 28766 28766
18282 18329 18368 18376 18400 18439 18496 16913 16913 16913 16843 16843 16843 16843 17373 17387 17387 18387 15383 15397 15397 15370 16345 16345 20268 14352 18290 17317 22089 24708 24708 19243 21148 21243 21243 21257 23952 23952 21299 21312 21312 21312 21340 25692 25692 30246 29487 29487 28767 27300 27325 27325 29579 30235 30235 29487 28778 28779 28779 29498 30186 30186 30198 29567 29567 28844 28844 28844 28857 28089 29567 29567 29554 29486 30849 30849 30838
18456 18509 18558 18567 18594 16900 16900 16913 16913 16913 16913 16843 16843 16843 16843 17373 17373 16400 19362 15383 15383 16359 16345 16345 20268 14352 18290 18290 20201 20202 20202 20188 21216 21243 21243 24826 24853 24853 24880 21325 21325 21340 21312 24852 24852 26518 25679 25679 27313 28818 29526 29526 28844 30246 30246 30875 30175 29499 29499 29499 29499 29499 30198 29567 28844 28844 28844 28844 28844 28089 28779 28779 28779 28778 28022 28022 28791
18568 18633 16886 16886 16886 16886 16886 16900 16913 16913 16913 16913 17373 17373 17373 18360 20296 16400 19362 15383 15383 16359 17359 17359 15341 22129 19279 19279 21147 22077 22077 22130 21284 24853 24853 24853 24867 24867 27352 25692 23978 23978 23977 23965 23965 24852 25706 25706 26505 28062 30210 30210 28778 30210 30210 28062 28778 29499 29499 29499 29499 29499 29540 28844 28049 28049 28036 28779 28779 30849 28766 28766 29475 29553 29540 29540 30222
18623 15907 16886 16886 16886 16886 16886 16886 16900 16913 16913 16913 17373 17373 17373 18360 20296 20296 18333 19267 19267 19267 17360 16319 16319 17317 19293 19293 20242 21161 21161 21231 22213 24893 24893 28103 28076 28076 28819 26519 27325 27325 26518 24852 24852 28075 25679 26492 26492 28062 28075 30210 28778 30210 30210 28062 28778 28010 28010 28010 27272 27272 29579 30209 30861 30861 30850 28779 28779 28778 29540 30245 30245 29539 29567 29567 30246
19363 19363 15907 15907 16886 16886 16886 16886 16900 16913 16913 16913 16913 16913 17360 19293 20228 20228 21161 22052 22052 20173 18305 21187 21187 19293 19293 19293 18265 22077 21257 21257 23137 28129 28129 28832 28780 28780 28820 28090 28063 28063 29540 28062 28062 26492 25679 26492 26492 28062 28075 28075 28831 28062 28779 28779 28036 29526 29526 30186 30850 30850 29526 28048 28779 28779 29499 28817 28817 29578 29614 29579 29579 30246 27272 27272 28036
16373 19363 15907 15907 16886 16886 16886 16886 16900 16900 16900 16913 16913 16913 20282 20282 19280 19280 18305 17317 17317 20215 19267 20241 20241 18333 21202 21202 22065 22103 21284 21284 22253 28858 28858 30236 29514 29514 27314 28832 28063 28063 29540 28062 28062 26492 28036 26477 26477 28050 30211 30211 29512 28766 28035 28035 29525 32083 32083 30185 30186 28818 28818 30197 30197 30197 29554 28896 28896 30246 30887 28049 28049 26476 26476 26476 26491
16373 19363 19363 19363 15907 16886 16886 16886 16843 16900 16900 16900 16886 17387 17387 16372 15342 15342 17346 18333 18333 19255 19243 18278 18278 22077 25560 25560 22077 22157 22198 22198 22253 28116 28116 30236 29514 27314 27314 28832 28076 28076 28819 29541 29541 27300 27300 28050 28050 29540 30186 30186 29476 29487 30163 30163 29499 30234 30234 30197 29512 28061 28061 30234 29601 29601 30958 30271 30271 28818 29476 28010 28010 26476 25650 25650 26491
16373 16373 19363 19363 19363 15907 16886 16886 16886 16843 16843 17823 18387 16359 16359 17360 21243 21243 17332 18319 18278 18278 20173 20188 20188 22077 22077 22077 22090 21257 22198 22198 22253 28116 28116 28858 30248 28859 28859 30247 29540 29540 30210 30211 29541 29541 28819 28063 28063 28806 30198 30198 30175 30163 32631 32631 30875 29614 29614 29590 29567 28844 28844 29554 29590 29590 28089 27312 26449 26449 30197 28010 28010 26476 25650 25650 28023
16373 16373 16373 16373 19363 19363 15907 15907 18374 18347 18347 21216 22997 21161 21161 17318 17373 17373 19306 21188 20160 20160 26384 23871 23871 22077 22077 22090 22090 21257 22184 22184 22253 24880 24880 28885 30913 30247 30247 30247 29512 29512 30222 29555 30211 30211 29540 30187 30187 29487 29499 29487 29487 31466 30887 30887 29554 27271 27271 30874 30886 30246 30246 30912 28062 29590 28089 27312 26449 26449 30197 30197 30197 27299 26476 28740 28740
16387 16373 16373 17414 17414 19363 16401 16401 16373 17360 17360 18333 18333 19280 19280 21174 18319 18319 19280 21174 20160 20160 26384 23871 23871 20215 22129 22170 22170 21270 22198 22198 22266 25719 25719 28885 29568 28819 28819 30211 29527 29527 29526 28779 29487 29487 30186 30198 30198 30186 33151 32652 32652 30887 29540 29540 30235 28766 28766 26449 30886 30246 30246 30912 28062 28062 26476 26491 26436 26436 30862 28766 28766 29487 27257 30816 30816
16387 16387 16373 16373 16373 17414 17414 17414 15398 17387 18333 18333 16372 18319 18319 21174 18319 18319 19280 21174 20188 20188 19267 25636 25636 21202 22170 21270 21270 22198 21325 21325 23136 28142 28155 28155 30284 30901 30901 29513 30211 30211 28779 28766 30174 30174 30849 30838 30838 30186 30875 30222 30222 30899 29540 29540 30235 28766 26449 26449 27244 29487 29487 29512 27285 27285 24758 28740 29476 29476 30186 30839 30839 28753 27203 31442 31442
16387 16387 16387 17401 17401 20324 21271 21271 17401 18374 18333 18333 16372 18319 18319 20242 21174 21174 21174 21174 22958 22958 21174 21230 21230 21230 22170 23079 23079 22240 21311 21311 23978 28898 29615 29615 29569 28832 28832 29528 28780 29499 29499 30175 30175 30175 30861 33681 33681 30186 30875 30222 30222 30899 29525 29525 27257 23923 24866 24866 23964 23937 23937 24784 27285 30139 30139 30139 30163 30163 30828 30175 30175 28036 27961 29512 29512
19363 16387 16387 16414 16414 20324 21271 21271 17401 18374 17373 17373 16346 20242 20242 22065 22077 21161 21161 22077 22052 22052 21216 22144 22144 21230 22198 23150 23150 29614 25719 25719 25679 29615 29590 29590 28832 29527 29527 29513 31477 30839 30839 30175 30175 30175 30861 33681 30887 30887 30887 30209 30209 26449 25635 25635 23977 23092 21297 21297 21352 21366 21366 21324 28036 30839 30839 31477 32084 32084 31466 32095 30839 30839 30151 24838 24838
16387 16387 16387 16414 16414 19363 17401 17401 16401 18361 18320 18320 19256 20189 20189 21148 22065 22090 22090 22052 21216 21216 20282 22144 22157 22157 21284 22253 22253 28844 28832 28832 26546 30309 29568 29568 32120 32085 29527 29513 31477 30839 30839 30197 30886 30886 30912 30258 30271 30271 30912 28010 28010 24838 23188 23188 24034 28050 33672 33672 28805 28036 28036 22183 23106 24811 24811 29511 30186 30186 32107 32675 31489 31489 26463 23992 23992
19363 19363 21284 16413 16413 18374 18374 16387 16387 19294 21149 21149 20216 19256 19256 21148 22052 22997 22997 22116 21243 21243 22170 23053 21284 21284 22253 22240 22240 28845 30259 30983 26546 30309 29568 29568 32120 32085 32085 32652 32663 30887 30887 30924 30935 30935 30912 30887 30875 30875 29526 25611 25611 22226 28806 30876 30876 33673 34142 34142 30850 30175 30175 32084 23078 22239 22239 24866 30210 30210 31501 30210 32663 31489 26463 23992 23992
18402 18402 18387 18347 18347 20255 20255 20243 20243 21175 20256 20256 22130 20282 20296 20296 22130 21230 21230 21257 21284 21284 23093 23993 23163 23163 23150 22240 22240 28845 30259 30983 30983 30272 29541 29541 30211 33184 31513 31513 30900 30935 30935 30912 31524 31524 30210 28036 26436 26436 26450 25692 25692 25651 35427 35399 35399 31478 30211 30211 29527 34162 33692 33692 31489 23951 23951 22280 30210 30210 31501 30210 32663 32663 27285 24866 24866
23079 23079 18347 21174 21174 21174 20243 21189 21189 21257 23066 23066 25651 23053 22157 22157 22157 22184 22184 22198 23137 23137 23093 23993 23163 23163 23150 25706 25706 28155 30959 30936 30936 30247 30888 30888 31502 30222 30283 30283 30246 30198 30198 28805 28792 27285 27285 24852 24034 24034 24061 24048 24048 29555 31478 31478 31478 30187 28063 28063 29513 30862 33692 33692 31489 23951 23951 22280 24918 25705 25705 26476 28036 28036 24825 24006 24006
19306 19306 22103 25548 25548 21174 20282 20310 20310 23079 23966 23966 24812 22170 21270 21270 21270 22184 22184 22198 23137 23163 23163 26572 28910 28910 29640 30322 30322 30959 30259 30223 30223 30876 30887 30887 30235 30947 29554 29554 28036 25651 25651 25663 25664 24006 24006 23163 25758 25758 28155 26612 26612 26559 28806 29513 29513 30187 28063 28063 29513 30862 33183 33183 30887 28089 28089 22307 22239 21283 21283 24020 23188 23188 23149 21352 21352
20255 20255 21148 20215 21216 21216 21270 22198 22198 27286 24798 24798 24812 22170 21270 21270 21270 23993 23993 26546 27339 28858 28858 29580 30936 30936 30948 30925 30913 30913 30901 30888 30888 32119 30235 30235 30924 30210 29488 29488 24770 25663 25663 24839 24007 22266 22266 26572 29591 29591 31592 26612 26559 26559 28806 29513 29513 28037 29527 29527 32095 31489 30198 30198 30210 30875 30875 29526 29540 29512 29512 30222 23188 23188 21394 24918 28805
20202 20202 19255 19280 18360 18360 20338 22198 22198 27286 24798 24799 24799 23080 23079 23079 23093 26546 26546 31525 32698 31514 31514 30913 31525 31525 32108 33683 33195 33195 34163 34172 34172 30900 31547 29541 29541 28793 28063 28063 24826 23079 23079 28832 28090 28076 22266 26572 29591 29591 31592 29628 27339 27339 28063 28806 28806 31501 31490 30876 30876 28819 28103 28103 30211 31467 31467 30839 30163 30875 30875 29579 25797 25797 24959 25718 28063
19267 19267 19255 19280 18360 18360 20338 24826 24826 25636 28794 25652 25652 25664 25664 25664 26519 28103 28103 33226 32698 32108 32108 31536 32687 32687 31503 30888 30211 30211 32686 30887 30887 31569 30888 31513 31513 32120 27273 27273 24826 23079 28832 28832 28090 28076 28076 28063 30888 30888 30913 28142 26533 26533 31535 30887 30887 31513 32132 29591 29591 28936 29640 29640 28103 30211 33662 33662 31501 30247 30247 26585 24946 24946 23214 24918 29540
19267 19267 19267 21230 27300 27300 27286 26437 26437 26437 27258 32096 32096 31502 28819 28819 33216 30913 30913 30913 31514 32120 32120 30901 30913 30913 31526 30236 30223 30223 30258 30935 30935 29555 32697 31513 31513 32120 27273 27273 24826 24839 32697 32697 30900 30888 30888 30863 30863 30863 32108 27352 27365 27365 30272 29591 29591 29615 28168 28206 28206 26652 27469 27469 28194 28090 30875 30875 30236 27391 27391 24987 24999 24999 24986 25810 29540
