BASIN_DATA/DATA/7339001/morph_cr2soil/soil_class_horizon_06.asc
NCOLS 384 
NROWS 512 
XLLCORNER -72.75 
YLLCORNER -36.5 
CELLSIZE 0.001953125 
NODATA_value -2147483647 
[rows 476 to 509 of 512, columns 77 to 153 of 384]
18487 18529 18529 18557 24086 24086 28116 20505 18515 18515 22293 17571 17571 17527 16527 16527 16512 27339 30223 30223 20449 17455 17455 19488 26546 26546 30211 24853 24034 24034 19446 15508 15508 14520 14535 19502 19502 27313 24893 23163 24048 24880 24880 24034 22240 20409 20409 21381 21340 21340 19502 24919 24919 29615 24061 24021 24021 25745 22253 22253 22198 21340 21340 22266 27390 23188 23188 22308 21353 21353 22198 23053 23053 21257 21270 21270 21270
18487 18501 18501 21450 25719 27326 27326 23176 18501 18501 23176 26558 26558 19529 17498 17469 17469 20449 23093 23093 21325 17469 17469 18473 20409 24839 24839 27286 28076 28076 24880 21367 21367 14520 14535 19502 19502 27313 24893 24893 22281 22253 22253 19474 18473 21353 21353 18501 18457 18457 17498 20463 20463 24048 23137 22240 22240 22253 23066 23066 22198 20338 20338 28128 23175 23122 23122 22213 21298 21298 21298 20296 20296 24812 21270 21270 21270
18501 19488 19488 22266 23107 25679 25679 24048 19431 19431 24007 26518 26518 23175 18473 19403 19403 19460 24021 24021 26492 22198 22198 21243 21284 26477 26477 25651 28076 28076 24880 21367 21367 15494 16512 15552 15552 15523 16527 16527 15508 16512 16512 15508 16512 16512 16512 16498 16470 16470 16470 17513 17513 18515 20449 20449 20449 19474 23122 23122 21381 21298 21298 21353 21367 20463 20463 19516 20381 21298 21298 20296 20296 24812 20338 22240 22240
24060 21353 21353 24007 23163 25692 25692 24047 19431 19431 26492 28090 28090 21367 18457 19431 19431 23992 23938 23938 23066 22184 22184 19348 21284 26477 26477 25651 25692 25692 23993 21353 21353 21367 18515 14520 14520 15480 19431 19431 13462 16442 17484 17484 16484 15451 15451 14461 15465 15465 15465 15451 15465 15465 16498 18457 18457 20381 21325 21325 20352 23163 21340 21353 21367 20463 20463 19516 20381 20381 20367 23093 27300 27300 22213 26519 26519
24020 22265 20396 20396 22253 24892 24892 23162 20396 20396 20352 21339 20381 20381 18457 20352 20352 21312 23978 23938 23066 22184 19348 19348 19389 24812 24812 23079 21284 21284 19403 20338 20381 20381 18473 16470 16470 15480 18457 18457 18457 17484 25785 25785 21395 19417 19417 17498 24960 24960 22321 21381 18443 18443 16498 15465 15465 18443 21325 21325 20352 23163 21340 21340 18543 18529 18529 20396 19431 19431 23137 23137 23137 23137 28090 23978 23978
22213 23136 23175 23175 21340 23137 23137 25692 20423 20423 23176 23163 20381 20381 18457 20352 20352 21312 23978 23978 23978 26492 19376 19376 21312 25679 25679 21298 21298 21298 24853 20352 19389 19389 19403 19431 19431 22253 22281 22281 19460 22266 24087 24087 22281 18487 18487 19474 24960 24960 24101 22349 20396 18443 16498 15465 15465 18443 18457 18457 19446 19460 20367 20367 20322 20310 20310 24839 23978 23978 23093 25664 21325 21325 20396 22266 22266
23992 26532 28831 28831 24866 24866 24866 27326 25706 20423 23176 23163 20381 20381 19362 19389 19389 24893 24867 24867 24034 21298 23093 23093 28090 24839 24839 21298 23978 23978 26533 22240 19389 19389 20381 23993 23993 23993 24839 24839 19446 20423 24932 24932 20381 20381 20381 19474 24960 24960 24101 22349 20396 20396 16470 16470 16470 18443 20436 22266 22266 23993 22198 22198 19376 20338 20338 21284 22213 25692 25692 20381 23080 23080 20396 22281 22281
26545 23992 23136 23136 24866 24866 24866 27326 25706 27338 27338 24880 23163 23163 20352 20352 20352 24034 24880 26559 26559 20367 19389 19389 22213 24839 24839 21298 23978 25679 25679 25719 21312 21312 23978 25692 25692 24853 23107 20409 20409 19417 24932 24932 20381 20381 20381 19488 23215 23202 23202 19516 19431 19431 16456 15465 15465 19474 22321 24853 24853 23938 25624 25624 23978 23150 23150 22253 22213 23107 23107 20381 20381 20381 22240 24021 24021
26545 23992 23136 23136 30912 30223 30223 29541 28819 30272 30272 30297 28910 28910 22253 20396 20396 23137 28103 28103 28103 24048 20396 20396 23993 25692 25692 21312 23993 24867 24867 21298 19362 19362 21325 24853 25692 24853 23107 20409 20409 19417 20396 20396 20367 18429 18429 19446 19488 25785 25785 23202 20423 20423 15508 15465 15465 19474 23202 28832 28832 28037 23978 23978 23107 26546 26546 23107 23938 23093 23093 20396 17427 17427 23122 29603 29603
21324 21324 21311 21311 23188 23176 23176 23189 23150 24007 24007 21325 20381 20381 23176 23993 23993 24839 28090 30888 30888 25679 24007 24007 23107 23993 23993 23993 23993 24021 24021 21298 19362 19362 21325 24853 24853 27313 25692 23107 23107 23137 24826 24826 19389 20381 20381 19431 23176 23107 23107 30863 25692 25692 21381 15451 15451 20436 22321 24021 24021 22226 21325 21325 26533 28832 29513 29513 25636 28050 28050 29615 17427 17427 23122 29603 21340
18457 17468 17484 17484 21324 21324 21340 21340 23137 23150 23150 20381 19389 19389 24007 30259 30236 30236 25692 28858 28858 30913 23163 23163 24021 23137 23993 23993 23993 24021 24021 21311 20352 20352 26519 28806 24853 24853 21312 21257 21257 23093 22213 22213 19417 20409 19389 19389 19474 29527 29527 30211 22294 22294 17484 16484 21367 21367 20409 19417 19417 21353 23093 23093 23107 21298 29513 29513 25636 28050 28050 29615 22240 22240 23122 24048 21312
21421 20449 18429 18429 18415 20367 19416 19416 21324 21325 21325 21312 20338 20338 21312 24893 24034 24034 23150 23150 23150 30913 23163 23163 24021 23137 26519 26519 28103 28831 28831 24879 21270 21270 25679 28024 24007 24007 22226 22198 22198 24812 23993 23993 21270 23039 20381 20381 20463 24826 24826 24893 18443 18443 16470 19431 20423 20423 18429 19446 19446 21353 23093 23093 23107 21298 21257 21257 22184 24007 24007 19431 32132 32132 29579 23176 24893
23993 24839 25692 25692 19417 17527 17571 17571 18543 18443 18443 19376 21257 21257 24798 22253 24034 24034 23150 23150 23150 25692 29603 29603 30259 29580 30259 30259 24007 24839 24839 25731 20367 20367 20338 23952 24007 24007 23993 24839 24839 24826 23993 23993 23066 27258 21270 21270 19446 24880 24880 24048 19431 19431 17455 19431 20423 20423 18429 19446 19446 20381 23122 23122 21312 25706 29555 29555 23107 21325 21325 22281 27377 27377 24906 24048 22240
27325 28037 29513 29513 27312 21324 17587 17587 16556 20477 20477 19376 21257 24798 24798 22253 22213 22213 20338 21270 21270 22226 24021 24034 24034 24048 24034 24034 24021 23978 23978 21298 20381 21298 21298 24007 28832 28832 25679 24853 24853 23137 22198 23053 23053 23924 20381 20381 21367 28116 24880 24048 19431 17455 17455 18457 17527 17527 19431 21381 21381 23137 28845 30199 30199 30199 24021 24021 22266 21325 21325 22253 24061 23176 23176 22253 23107
20449 24021 28076 28037 28037 21312 17587 17587 16556 20477 20477 19403 21298 21284 21284 22226 19403 19403 23107 28090 28090 26546 21298 20367 20367 21325 20381 20381 20367 23993 23993 30199 23978 23093 23093 23978 25664 25664 30236 24880 24880 22198 23065 24812 24812 23924 20381 20381 21367 28116 28116 29591 24932 17513 17513 18443 17455 17455 16442 17498 17498 22281 24007 23107 23107 24021 22240 22240 21325 23079 23079 22170 22253 22253 22253 22213 22308
19488 24021 28076 28037 28037 21312 20381 20381 20367 18429 18429 18515 18501 19417 19417 20396 19417 19417 23122 25718 25718 24879 20381 21312 21312 24074 19403 19403 19403 19389 19389 24853 26464 26464 26464 29513 30876 30876 28076 24880 24880 22198 23065 24812 24812 22213 20323 20323 21395 29580 29580 29555 24061 21340 21340 21353 22294 22294 21325 15508 15508 17484 19460 24007 24007 22226 20436 20436 19417 23079 23079 29527 22213 23228 23228 22294 21395
19488 21353 23993 24785 24785 24812 23965 23965 23107 21312 21312 19417 21325 20381 20381 18429 18429 18429 20396 21325 23137 23137 24880 22253 22253 22253 21312 21312 19389 19403 20367 20367 22213 24826 26464 29513 30876 30876 28076 21325 22213 22213 20337 21284 21284 21242 20323 20323 21325 25679 26477 26477 25758 21353 21353 19446 18487 18487 17513 15508 15508 15508 17469 23189 23189 22294 20477 20477 23965 30876 28050 28050 22335 22349 22349 22294 21395
19501 19501 24007 23978 23978 27286 24812 24812 23978 21325 19417 19417 22240 21312 21312 22226 21325 21325 19389 20396 19460 19460 22253 23150 23150 27300 23093 23093 22226 19403 20367 20367 22213 24826 24826 23978 28832 28832 28845 20381 20352 20352 21324 21298 21298 20323 19376 19376 25636 23952 25664 25664 23163 21367 21367 21367 22294 22294 18501 18501 17469 17469 16498 18457 18457 20409 20423 20423 24987 30876 28050 28050 22335 22349 22349 24087 23202
18473 18473 21352 24006 24006 24838 28805 28805 23978 21325 22239 22239 21297 22212 22212 23106 27338 27338 20367 19417 21284 21284 21257 20323 23150 27300 23093 23093 22226 19376 19460 19460 19417 20381 20381 24021 28845 28845 30223 23993 24020 24020 26545 21324 21324 21311 23978 23978 23978 29541 21340 21340 22226 24867 24867 26533 20436 20436 19474 24867 21395 21395 16512 16456 18457 20409 20423 20423 24987 23137 23150 23150 24114 24101 24101 23228 19474
18487 18487 19445 22239 22239 24879 26518 26518 29554 24838 23121 23121 21311 22197 22197 24866 26505 26505 21311 19417 21284 21284 21257 20323 20323 23093 24006 27325 27325 22213 20409 20409 19417 21325 21325 24021 26519 27326 27326 26492 24853 24853 24852 22253 22253 20366 19375 23993 23993 27312 22253 22253 20409 24838 24838 22281 21381 25664 19474 24867 21395 21395 16512 16456 16456 16484 18443 19460 19460 18473 19460 19460 18443 19446 19446 18443 16456
19474 19474 19544 19474 19474 21339 24020 26518 26518 29540 23992 23992 24006 23136 22197 24866 26505 21311 21311 19402 19389 19389 24020 24020 24020 24020 27338 25705 25705 21325 19431 19431 18473 22240 22240 24853 25719 25732 25732 24074 25679 25679 24007 22226 22226 21311 20338 23965 23965 25664 20381 20381 21353 24838 24838 22281 21381 25664 25664 24853 21381 21381 18487 15451 15451 15465 16456 18443 18443 21325 21325 21325 21325 16456 16456 16456 20381
25705 25705 20463 18529 18529 19473 24879 23136 23136 29540 23992 23992 24006 23136 23136 24020 25678 20366 20366 20366 18428 18428 22239 26518 26518 28831 31535 25678 25678 21325 19376 19376 23163 20395 20395 25705 25718 19431 19431 18543 27378 27378 21298 20381 20381 20380 21325 23965 23965 25664 20381 20381 21353 21298 21298 21367 22294 22253 22253 21367 22253 22253 22266 19474 19474 18443 21353 19460 19460 18487 17498 17498 19446 19417 19417 18457 22308
22266 22266 22321 20449 18529 19473 24879 23136 23136 22213 24866 24866 27338 28089 28089 26505 24838 24006 24006 24020 19388 19388 23106 19402 19402 23992 26505 28062 28062 21311 20396 20396 19446 23150 18473 18473 20396 19431 19431 25706 24932 24932 21298 20381 20380 20380 21325 21340 21340 21353 23163 23163 24048 21353 23189 23189 25758 22308 22308 20409 20436 20436 28090 21381 20423 20423 18487 20477 20477 21436 22349 22349 23228 19417 19446 19446 21395
22266 22266 22321 20449 19474 19474 21339 24020 24020 24838 27338 27338 28089 24852 29540 29540 30862 31557 31557 30258 24838 24838 23121 24852 24021 24021 26545 29512 29512 24866 24020 24020 21324 19431 20381 20381 19417 19431 19431 25706 24932 24932 24893 24866 24866 24866 22240 20409 20409 25706 26519 26519 23137 22253 24061 24061 24074 22281 22281 20409 22281 22281 29615 20477 19488 19488 18487 20463 20463 23952 23269 23269 22349 20436 19446 19446 19488
23149 23149 19474 22308 21408 21408 19474 21366 21366 24033 24047 24047 23175 24020 24020 24020 26545 24006 24006 23992 24033 24033 27312 26518 24033 24033 24879 27338 27338 25691 24838 24020 21324 19431 20381 20381 19417 19417 19417 17427 19431 19431 30983 31604 31547 31547 24007 21325 21325 23150 30247 30247 28832 23992 24021 24021 24021 22266 22266 21353 22253 22253 29591 21408 19474 19474 19417 20449 20449 24798 24812 24812 22349 20436 19446 19446 19488
24020 24020 24047 20409 20463 20463 18501 19445 19445 21339 22265 22265 21353 23992 23992 23992 22239 20366 20366 19403 18429 18429 18443 22239 25678 25678 24879 27338 27338 25691 24838 24838 21325 23122 25706 25706 21312 20381 20381 18443 21353 21353 21367 21367 23189 23189 30971 25772 25772 28858 20396 20396 22226 27326 30912 30912 25732 23137 23137 23093 30901 24048 24048 20423 19446 19446 19431 20449 20449 24798 24812 24798 24798 21436 18487 18487 19474
24825 26518 26518 24047 20436 20436 18515 19403 19403 23150 20381 19417 19417 20395 21339 21339 19431 18442 18442 20380 19430 18443 18443 22239 25678 25678 18443 23149 23149 30258 28128 22239 22239 20396 28858 28858 21325 19390 19390 17441 12538 13494 13494 13541 12522 12522 23215 26599 26599 21353 17427 23122 23122 25706 21367 21367 28871 27326 27326 29568 24061 24048 24048 20423 19446 19446 19431 19460 19460 24798 31467 28037 28037 21436 18501 18501 19502
24020 23162 23162 23150 20436 20436 19474 28884 28884 23163 19431 20396 20396 19446 20396 20396 19431 18442 18442 20380 19430 20366 20366 27338 30900 30900 24034 23149 23149 29602 21339 24034 24034 25718 27339 27339 20381 17441 17441 23137 20463 13541 13541 13574 18543 18543 23228 28885 28885 24007 21353 21353 21353 22294 21381 21381 28871 27326 27326 29568 24061 22266 22266 20436 18473 18473 19474 21381 21381 23938 30187 23053 23053 21353 19460 19460 23039
24905 22266 22266 22294 20449 20449 20396 24047 24047 30247 24021 23189 20396 19446 20396 20396 19417 23992 23992 28884 25705 21339 21339 23121 25691 25691 24866 22281 22281 28897 15451 23137 23137 29554 24838 24838 16442 15451 15451 25785 30971 23215 23215 15552 29665 29665 29603 20409 20409 19446 21353 21353 21353 22294 21381 21381 24087 24074 24074 24061 21353 20436 20436 19446 24798 24798 21257 21270 21270 23938 26464 24771 24771 20423 19446 19446 23911
22252 21352 21352 25719 21395 21395 20396 24047 30247 30247 24021 23189 23189 25706 19417 19417 18457 19417 24033 24033 27338 24825 24825 25650 24034 24034 26532 28857 30283 30283 23176 24048 24048 30925 22213 22213 17455 16470 23202 23202 31581 25785 25785 23215 20463 29665 29603 20409 19446 19446 20409 19516 19516 21381 21395 21395 21381 21395 22281 22281 19488 19474 19474 21298 23965 23965 21270 21298 24798 24798 27245 25624 25624 21216 18457 18457 20310
23093 26532 21352 25719 21395 21395 20396 24047 30210 30210 24061 21367 21367 24852 25663 25663 18442 19417 22252 22252 24006 24033 24033 23149 27325 27325 25718 27338 30283 30283 24061 21325 21325 15465 18429 18429 17441 18429 27378 23202 31581 25785 25785 23215 20463 20463 25692 17455 20396 20396 23039 19431 19431 20436 24021 24021 24826 24839 23965 23965 22213 21340 21340 21353 23952 23952 23093 21298 22170 22170 22144 21230 21230 18487 19403 19403 21230
23093 26532 26532 23150 21408 21408 20463 20408 23121 23121 25692 22240 22240 23150 24020 24020 20352 19417 19403 19403 20380 19417 19417 19431 21352 21352 21325 22253 27377 27377 14476 14506 14506 17469 18429 18429 17441 18429 27378 27378 28129 24021 24021 18444 19431 19431 21325 21284 19417 19417 23150 24047 24047 20409 20409 20409 21325 21325 21340 21340 22198 23978 23978 23122 23911 23911 22198 20352 24785 24785 22144 20255 20255 20310 21257 19403 21230
27312 25731 25731 22266 22321 22321 22321 21353 24033 24033 25678 27312 27312 23150 24006 23121 23121 19430 20395 20395 18457 20381 20381 22252 21366 24892 24892 27326 31536 27377 14476 14506 14506 17469 19417 22240 22240 24007 25706 25706 25718 18415 18415 20352 20397 20381 20381 23079 23993 23993 27326 29568 29568 24007 25692 24853 24853 21325 21340 21340 22240 23053 23053 23952 23066 23079 23079 22240 23965 24785 22144 20255 20255 20310 21257 20296 20296
24838 25731 25731 21353 19502 19446 19446 21324 25705 25705 23992 24838 24838 28818 28857 24879 24879 24892 25718 25718 24879 24852 24852 25718 21366 24892 24892 27326 31536 31536 23137 17455 17455 19417 25692 27326 27326 26518 31536 31536 28115 24880 24880 21340 20424 19446 19446 24034 28845 28845 28116 24007 24007 24826 25706 27391 27391 27339 23978 23978 22240 25651 25651 25636 23066 23079 23079 22240 23965 23965 22240 20338 20338 22144 22157 22157 22157
