BASIN_DATA/DATA/7339001/morph_cr2soil/soil_class_horizon_04.asc
NCOLS 384 
NROWS 512 
XLLCORNER -72.75 
YLLCORNER -36.5 
CELLSIZE 0.001953125 
NODATA_value -2147483647 
[rows 204 to 237 of 512, columns 77 to 153 of 384]
19401 19415 22168 22168 24795 21241 21241 22196 19415 19387 19387 20280 23077 23077 22167 22168 20337 20337 22211 24796 24796 21296 20321 20321 20364 20335 23076 23076 22180 23133 23133 15477 15477 16439 16439 22194 22222 22222 21281 16424 16424 19373 22167 20307 20307 21254 23090 23090 19386 19331 19331 22113 20293 22127 22127 25608 23063 23063 23050 23036 23908 23908 27283 27323 27323 24005 23077 23077 28008 25597 25622 25622 28035 28088 28088 25717 23161
19401 20350 22168 22168 24795 21241 21241 19332 18372 18358 18358 23076 21255 21255 22168 21268 21283 21283 19374 22211 22211 23936 20350 20350 19387 21254 22180 22180 24003 23103 23103 23990 15477 15505 15505 16481 21337 21337 20364 21267 16424 19373 22167 20307 20307 21254 19385 19385 21309 21254 22141 22141 19374 19360 19360 21227 22994 22994 22074 22127 24850 24850 24005 24850 24850 23120 23936 28778 28778 26517 28048 28048 26475 27337 27337 29553 25730
19401 20350 23051 23051 23936 22167 26489 26489 18412 19332 19332 21267 20320 20320 20349 21282 22167 22167 23064 18413 18413 22182 24796 21310 21310 18412 21267 21267 22209 22180 22180 22222 19427 15505 15505 16481 21337 21337 20364 21267 17384 17384 21268 21267 21267 22195 19400 19400 21295 21267 20293 20293 20350 18426 18426 19360 21145 21145 21185 21296 22238 22238 23076 23090 23090 23951 28009 26448 26448 24824 26448 26448 26448 27311 27311 24878 25730
22168 19346 18372 18372 21241 21254 23091 23091 21268 19346 19346 18373 19360 19360 18413 20350 21268 21268 22142 21268 21268 21241 21227 21295 21295 18412 23076 23076 23089 23989 22180 22222 19427 15505 15505 14488 16467 16467 20308 20319 20320 20320 20308 20307 20307 22181 19386 19386 19386 19386 19386 19386 20350 18399 18399 19318 21214 23007 23007 21322 20379 20379 22128 25596 25596 26435 27284 26490 26490 25662 26448 26448 26448 27311 24878 24878 24060
24783 24783 19332 19332 18372 20293 19360 19360 20293 21240 21240 23037 23950 20321 20321 18385 20321 20321 21268 19332 19332 21213 23935 22209 22209 18412 23076 23076 23089 23989 20378 20378 20377 16409 16409 16424 16453 16453 18398 21281 20320 20320 19331 20307 20307 23050 22195 19414 19414 20364 22223 22223 22224 18384 18384 23023 23037 25633 25633 21338 21323 21323 22154 24782 24782 26435 27284 26490 26490 25662 23963 23963 26461 27337 24072 24072 22293
24824 23077 20294 18358 18358 19345 19345 19345 20365 22211 22211 21268 22196 23976 23976 24824 22196 22196 21213 22167 19332 21213 23935 22209 22209 20364 17424 17424 21281 20364 18440 18440 20363 21267 21267 21267 17409 17409 19373 23975 23963 23963 23921 23050 23050 25661 20364 19443 19443 22237 21322 21322 17439 19290 19290 22128 20294 24824 24824 21338 21323 21323 22154 24782 24005 24005 28868 28868 28868 27311 27271 27271 27311 24878 24931 24931 23148
24850 26530 19415 20307 20307 23119 21323 21323 18427 18413 18413 18371 18471 18441 18441 24824 22196 22196 21213 22167 23104 23104 22223 21239 21239 21321 18426 18426 21213 19331 20364 20364 22154 25675 25675 23133 22250 19428 19428 20377 19414 19414 19400 19373 19373 24836 19415 21337 21337 19414 17452 17452 17398 17330 22128 22128 20294 24824 24824 22263 23147 23147 21213 25716 26530 26530 26516 28830 28830 25717 26544 26544 24878 24891 23120 23120 24005
23134 26584 21338 23991 23991 24864 21282 21282 22224 23119 18371 18371 18471 18441 18441 23976 22181 22181 22181 22181 21309 21309 17438 23104 23104 23935 21295 21295 21254 24822 20393 20393 18426 20364 20364 24017 22250 17481 17481 17481 16397 16397 18384 19345 19345 21267 19401 20378 21337 19414 17452 17452 17398 17330 22114 22114 22168 22196 22196 22263 21295 21295 23148 25769 26489 26489 26503 25729 25729 24904 23160 23105 23105 24851 24837 24837 22196
21338 20378 19374 17453 17453 24864 21282 21282 22224 23119 23975 23975 18398 17466 17466 22195 23975 23975 24782 23050 22167 22167 23990 19386 19386 21267 21295 22210 22210 24018 20364 20364 17438 21281 21281 23133 19457 14488 14488 17410 23076 23076 21267 19345 21267 21267 19401 20378 20378 22223 18426 18426 18384 19304 23895 23895 23052 23064 23064 22224 23161 25783 25783 26530 27310 27310 26529 23133 23133 24851 25677 27271 27271 28022 24810 24810 22168
20378 20378 19374 17453 17453 19444 20365 20365 23077 23090 20350 20350 17424 19414 19414 18440 19415 21350 21350 20378 21240 21240 23076 22195 22195 22195 21281 23104 23104 21322 21337 21337 20393 19373 19373 20378 20405 14488 14488 17410 23076 23076 21267 21240 23962 23962 20364 19400 19400 22237 21267 21267 23949 22127 20252 20252 23023 25649 25649 22251 24945 25729 25729 24018 22237 22237 23076 24794 24794 23134 27256 26420 26420 24796 23950 23950 24783
17384 17384 16440 14445 14445 15449 21309 21309 21282 23104 23075 23075 21309 22237 22237 24864 22237 18440 18440 17452 20350 20350 21267 23962 23962 22195 23949 24836 24836 24045 21350 21350 20393 19373 20378 20378 20405 15476 15476 14416 22195 22195 21240 21267 21322 21322 20379 19414 19414 19386 19303 23895 23895 22127 20279 20279 24004 24032 24032 21351 24058 23119 23119 22141 23895 23895 25607 24822 23962 23962 25609 23022 23022 24796 23950 23950 24783
25648 25648 23963 19415 19415 15448 19444 19414 19414 23161 23118 23118 23090 22195 22195 24031 22237 24877 24877 21309 18426 18426 21309 23119 23962 23962 22237 24836 24836 24045 21350 21350 20378 20364 19400 19400 19443 17452 17452 21267 21267 21267 21267 24889 19471 19471 19457 19427 19427 19414 19414 19414 19414 21309 23147 23147 24929 21350 21350 21322 22195 23050 23050 25633 24782 24782 27297 23076 23962 23962 25609 23022 23022 23051 23037 23037 28022
21310 21310 22196 24878 24878 21296 17439 16468 16468 19428 22249 22249 19443 20393 20393 17466 17452 22251 22251 21322 20364 20364 21309 23119 23962 23962 22237 21364 21364 21364 20350 20350 20307 21350 19471 19471 17481 20319 20319 22180 25689 20433 20433 23186 22291 22291 21377 20445 20445 20433 20406 22263 22263 23160 24878 24878 23134 22237 23063 23063 24768 25676 23050 25633 24782 24782 27297 23076 23022 23022 25608 22142 22142 23077 23922 23922 27243
19443 19443 19444 17496 17496 18454 24877 20378 20378 19414 18426 18426 18426 20378 22237 22237 20378 22251 22251 21322 20364 20364 20364 20336 20335 20335 21337 20420 20420 20406 20420 20393 20393 19443 17495 17495 14503 18454 18454 22210 23133 22263 22263 24045 21350 21350 23159 24031 24031 24877 24877 24864 24864 24004 22237 22237 21337 22237 23063 23063 24768 25676 25676 22263 26474 26474 21254 22113 26419 26419 23935 20365 20365 23936 24769 27284 27284
17466 17466 18484 18471 18471 19429 24877 23990 23990 21309 22223 22223 18426 20378 22237 22237 20378 19428 19428 20364 23134 23134 25661 23076 23076 23076 24864 22291 22291 20433 20433 21364 21364 20420 18511 18511 16481 15448 15448 22181 23146 21337 21337 22250 20378 20378 19443 20393 21337 21337 22237 24864 24864 24004 22237 22237 21337 21240 24795 24795 24795 26530 26530 22237 25689 23935 23935 22141 22127 22127 21241 20321 20321 24796 26490 26475 26475
19373 19373 20407 17482 14504 14504 20407 23990 23990 21309 22223 22223 23134 22237 21322 21322 23119 20349 20349 20349 21323 20379 20379 21295 24865 24865 19444 19485 19485 21378 19457 21350 21350 20406 20420 20420 16467 15394 21266 21266 21363 21337 21337 18440 16481 16481 19443 20393 21337 21337 22237 22250 22250 21337 20378 20378 21240 24782 25632 25632 24836 23134 23134 22237 21268 23063 23063 22167 22142 22142 23936 20267 20267 21255 19346 28061 28061
19429 19429 20407 17482 14504 14504 20407 19414 19414 23990 21309 21309 21322 21309 24823 24823 23975 23076 23076 22167 20321 20365 20365 20365 20378 20378 20406 20460 20460 22305 17495 17481 17481 19456 16495 16495 14444 20307 20334 20334 21363 21337 21337 18440 16481 16481 19457 19485 19456 19456 19457 19443 19443 20335 23948 27242 27242 24781 23961 23961 22237 22223 22223 21295 23076 23990 23990 24796 24810 24810 22168 21201 22156 22156 21241 24865 24865
19429 19429 18441 15449 14431 14431 14417 23134 23134 20406 24017 23119 23119 24877 21322 21322 20406 21322 21322 20364 19346 20321 20321 21281 23147 23147 19457 20460 21391 21391 20420 19443 19443 18469 20393 16495 14444 20307 20334 20334 19456 17466 17466 15421 14443 18469 18469 19499 19541 19541 19555 20363 20363 27269 26394 26418 26418 24849 24889 24889 21336 21254 21254 20252 24782 23091 23091 23064 20308 20308 21241 23038 21255 21255 22168 23135 24865
14504 13430 13430 16399 15382 15382 14403 19400 19400 24059 22263 21350 21350 20420 21364 21364 20378 20349 20349 20335 20365 22237 22237 21364 20433 20433 20446 23199 21378 21378 20420 19443 19443 18469 20393 20393 23075 20306 22210 22210 19456 21322 21322 23935 22181 23118 23118 21336 18554 18554 19541 20392 20392 23103 23021 23089 23089 25689 24836 24836 24836 22210 23063 23063 22154 23064 23064 23950 22155 22155 22075 23038 21255 21255 22168 23135 23135
13431 23051 23051 22155 18372 18372 15395 16412 16412 18399 18398 21337 21337 18454 18440 18440 19386 20334 21309 21309 19443 20446 20446 20446 21392 20433 20446 23199 21378 21378 23173 19428 19428 19457 17452 22209 22209 19386 19427 19427 25728 24889 24889 24031 20377 20335 20335 23119 22278 22278 19555 19527 19527 24808 28020 26530 26530 25704 24823 24823 25621 24783 22196 22196 22168 23064 23064 23950 22155 22155 22075 20295 21255 21255 25662 22264 22264
19387 23051 23051 22142 25662 25662 23976 17411 17398 17398 19372 20349 20349 21350 21281 21281 20335 19428 19457 19457 19443 20446 20446 20446 21392 21392 23212 23199 24071 24071 23159 17480 17480 17510 19428 18371 18371 19344 19413 19413 18470 23159 23159 24017 20419 22210 22210 23118 22249 22249 18568 20489 26503 26503 24850 27336 27336 23148 20321 20321 25621 24783 22196 22196 22168 21228 21228 22142 21215 19319 19319 20308 26475 26475 27350 23173 23173
16482 21310 21310 21228 22168 22168 22211 24865 21323 21323 18413 19373 19373 19414 20378 21281 20335 19428 19457 19457 19499 22305 22305 23199 23199 24058 24058 21350 23147 23147 19428 18469 18469 20363 20335 23920 23920 20319 18453 18453 17480 19442 24044 24044 21364 20349 20349 23119 19429 19429 19527 19528 20447 20447 24850 27336 27336 23148 20321 20321 23949 23950 23064 23064 20336 23091 23091 20294 20268 20294 20294 22168 27324 27324 23148 22279 22279
16510 16454 16454 19359 21255 21255 22196 20379 25704 25704 18413 19373 19373 19414 20378 19443 19443 19442 19485 19485 23211 23186 23186 22278 21349 20393 20393 15476 14503 14503 17495 18412 18412 21266 23921 20306 20306 22222 21321 21321 18426 19400 19428 19428 24864 24823 24823 24850 23119 19429 19527 19528 20447 20447 27362 25729 25729 23160 23076 25690 25690 22196 21255 21255 22182 24851 24851 23064 21241 20280 20280 21323 20407 20407 22279 24058 24032
15434 16510 16510 15463 18413 21255 22196 20379 25704 25704 21309 21295 21295 21295 22223 20406 20406 20419 21391 21391 23172 22263 22263 18470 15476 14517 14517 14532 13538 13538 15434 24822 23035 23035 23062 18412 18412 18426 17452 17452 17438 19414 18440 19428 24864 24823 24823 24850 23119 25742 25742 20447 21433 21433 23173 23174 23174 25756 21296 19387 19387 20308 22142 22142 22142 23051 23051 23936 20294 19374 19374 19458 24917 24917 24917 24917 24904
15434 16510 16510 15463 18413 20321 20321 22238 26543 26543 26503 25661 25661 22262 19456 20433 20433 20459 22290 22290 24030 22250 15520 15520 14562 13587 13587 14532 15463 15463 21281 27270 23962 23962 19400 20379 20379 19414 17452 17452 17438 19414 18440 18440 19415 22211 22211 23091 25661 23105 23105 24904 20461 20461 22347 21323 21323 24005 23976 23896 23896 25597 26420 26420 24796 23950 23950 23950 24810 24891 24891 23187 26544 26544 24891 23148 25743
21268 15422 15422 17539 16481 16440 16440 21268 23160 23160 21378 21349 21349 21377 19499 22305 22305 22278 22263 22263 23147 20406 15549 15549 13556 17466 17466 17439 18398 18398 23921 20335 23962 23962 19400 20379 20379 19414 16454 15449 15449 16383 18427 18427 20350 20336 20336 23121 22195 28034 28034 23976 23161 23161 21351 22224 28804 28804 27230 22982 22982 21172 23051 23051 23936 28047 27311 27311 22251 23161 23161 24930 25717 26544 24891 23148 25743
21213 24809 24809 15422 16525 16468 16468 16411 23134 23134 24084 24098 24084 24084 24903 23147 23147 22237 23134 23134 21351 20433 18541 18541 19429 23950 23950 17439 18398 23921 23921 20335 20350 20350 22224 20378 20378 16482 16369 24823 24823 28804 23991 23991 21323 24005 24005 22239 19429 28060 28060 28804 27349 27349 21338 19444 24032 24032 23922 23869 23869 22113 25661 25661 24018 19444 21365 21365 22251 23161 23161 24930 25717 23091 23091 24878 26530
20253 21213 21213 24795 19429 17482 17482 19414 23135 23135 24890 24904 24903 24903 24890 23148 23148 23134 25729 25729 22264 21338 18541 18541 19429 23950 23950 23936 24768 22154 22154 21295 18441 18441 16468 18455 18455 18385 29538 20393 20393 22224 24005 24005 19429 24019 18471 18471 20407 27337 27337 23105 19445 19445 20475 19415 20337 20337 24769 22995 22995 22141 25661 24018 24018 19444 21365 21365 23174 22292 22292 24046 25717 22211 22211 22211 25689
21214 19291 25622 25622 28087 17452 17452 19486 19444 19444 23135 24046 25742 25742 24904 21338 21338 23134 25729 22264 22264 21338 23105 23105 23064 23023 23023 25621 25648 22210 22210 22210 16468 16468 19387 24795 24795 24768 22211 20365 20365 20365 25730 25730 20394 19430 22251 22251 20447 21351 21351 19486 20422 20422 19401 24851 26475 20337 24769 22995 22995 22141 23077 23119 23119 22224 20365 20365 21323 22238 22238 22238 24851 26531 26531 23105 22211
21214 20266 22182 22182 20365 20394 20394 18485 18555 18555 20447 21393 25742 25742 24904 21338 21338 24877 22250 19444 19444 25676 26447 26447 23908 22141 22141 22181 22196 20336 20336 21322 17482 17482 24795 27229 25648 25648 23991 19401 19401 17467 23120 23120 26569 18513 22334 22334 21420 17554 17554 19486 20422 19401 19401 24851 26475 26475 23882 21213 21213 21255 23936 24810 24810 23936 22182 22182 24837 27311 27311 25677 26504 25690 25690 22210 18455
20240 21228 22182 22182 19401 16454 16454 20407 18555 20447 20447 21393 21406 21406 20447 20406 20406 20407 20489 20350 20350 24782 26434 26434 27270 20365 21282 21282 20294 24824 24824 24004 21337 21337 22211 23962 23975 23975 24865 18454 18454 17524 23148 23148 24032 21434 22334 22334 21420 17554 17554 19375 24824 24825 24825 25649 23882 23882 27229 23921 23921 23051 22128 20280 20280 23023 24810 24810 27271 23091 23091 23091 23105 24005 24005 22251 18484
21214 20294 22168 22182 19401 16454 16454 20407 20447 19542 19542 20447 21420 21420 24998 20503 20503 20434 24019 26475 26475 24757 25633 25633 21281 20335 21295 21295 24783 25649 25649 23105 20393 20393 20421 22238 24018 24018 23160 18555 18555 17524 23148 24032 24032 21434 19543 19543 17554 25690 25690 23963 23922 25584 25584 23022 23935 23935 24810 21255 19305 19305 23909 23883 23883 27256 25634 25634 22224 21365 22292 22292 22251 22252 22252 21283 21268
21214 20294 22168 22168 18427 16454 16454 24032 22279 20447 20447 27362 25730 25730 21406 22319 24891 24891 24824 25622 25622 23949 23077 23077 25677 24865 18427 18427 24810 25649 25649 23991 21338 20503 20503 22238 24018 24018 23160 18555 18555 19528 20489 20490 20490 19515 19501 19501 24891 24865 24865 28088 24850 24851 24851 22196 23051 23051 21228 23038 23908 23908 27256 23037 23037 23922 25609 25609 25622 22169 22168 22168 22211 22211 22211 22168 21268
21213 23950 21255 21255 19332 23037 24864 24864 20421 19500 19500 27363 26584 26584 22292 23174 25717 25717 28777 28791 28791 22196 23120 23120 21338 19445 21352 21352 23991 23076 25649 23991 21338 20503 20503 20489 19528 19528 20475 18541 18541 23200 26611 28166 28166 27376 24032 24032 21365 21338 23148 23148 22239 22225 22225 23064 25608 25608 26447 24768 25633 25633 27256 24783 24783 23922 25609 27256 27256 23922 24796 22168 22211 22211 22211 22168 27312
