BASIN_DATA/DATA/7339001/morph_cr2soil/soil_class_horizon_03.asc
NCOLS 384 
NROWS 512 
XLLCORNER -72.75 
YLLCORNER -36.5 
CELLSIZE 0.001953125 
NODATA_value -2147483647 
[rows 238 to 271 of 512, columns 77 to 153 of 384]
26434 26407 21281 21281 21295 23090 23076 23076 21350 19499 19499 26544 28192 28192 24945 22251 23976 23976 27284 26462 26462 23091 21338 21338 21338 19429 21365 21365 24851 23936 23936 23950 21323 20489 20489 21462 24072 24072 26597 21420 21393 21393 26570 32749 32749 24904 22307 22307 19543 22334 22306 22306 22279 22211 22211 26504 23064 23064 26462 26448 25634 25634 27298 23991 23991 24852 25610 27256 27256 23936 24796 24796 25690 23991 23991 22239 23065
22195 21267 22154 22154 26489 23076 24004 24004 21378 20460 20460 25717 28883 22211 22211 23106 24837 24837 25757 26597 26462 23091 21338 21338 21338 25743 26597 26597 21365 23105 23105 26475 21394 20475 20475 26557 24865 24865 27350 24958 20532 20532 18570 24099 24099 22387 21463 21463 25756 26544 27350 27350 23161 24878 24878 24824 26517 29578 29578 27324 25634 25634 27298 23991 23991 24852 25623 25622 25622 28022 26462 26462 25690 27298 25691 25691 23977
22211 22224 22182 22182 23076 22195 23161 23161 19485 21392 21392 26503 30220 22210 22210 23106 24837 24837 25757 26597 26597 22252 21339 24851 24851 24851 22306 22306 21407 22224 26504 26504 22292 23187 23187 25662 25649 25649 24005 23976 21476 21476 19571 18585 18585 21462 22374 24931 24931 26517 26504 26504 27311 26490 24878 24824 26517 29578 29578 27324 25690 25690 24878 24020 24020 25663 25635 24706 24706 26420 24796 24796 27324 26491 26476 26476 24866
22224 23148 25729 22250 22250 21379 20447 20447 19486 21309 21392 26503 30220 22210 22210 20379 25662 25662 24918 22293 21269 21269 25704 25649 25649 26490 24891 24891 22280 22239 22306 22306 20461 26557 26557 23950 24796 24796 22168 23077 23135 23135 24112 21476 21476 18569 21462 26544 26544 26517 26504 26504 27311 26490 26490 27324 28101 25635 25635 24796 24824 24824 25690 26476 25649 25649 24810 23963 23963 23950 26475 26475 26462 27284 29498 29498 27338
22224 19487 19486 18471 18471 21379 20447 20447 19486 21309 21309 30196 28034 22210 22210 20349 26462 26462 26475 23976 22238 22238 26475 24783 24783 26448 27363 27363 24060 24032 22334 22334 22264 25690 25690 23950 23936 22168 22168 23991 25677 25677 25730 21476 21476 18569 21462 26544 26544 28074 28791 28791 25634 27271 27271 27256 27298 24770 24770 26463 23992 23992 26517 26462 25634 25634 25634 27271 27271 25662 26490 26490 25623 27298 28036 28036 24905
22224 19487 19486 18471 18471 18527 19486 19486 23213 24850 28008 28008 22195 20406 20406 24850 28777 28777 25633 23991 22211 22211 27271 24769 24769 28022 26544 24032 24032 24046 23241 23241 22264 27311 27311 23064 23909 24810 22168 23991 25677 25677 25730 25743 25743 21463 20518 25730 25730 26531 28088 28088 27311 27271 28061 28061 27324 28061 28061 24005 24851 24851 27311 25677 29498 29498 29524 24837 24837 26584 27337 27337 27337 28035 24838 24838 24101
20434 20434 18499 19444 19444 19472 22251 22251 24018 24836 25648 25648 23990 27336 27336 23173 25633 25633 28008 26461 22210 22210 25634 28034 28034 26475 23105 22251 22251 23200 22333 22333 21338 27311 27311 23064 23909 24810 24810 22211 23105 23105 23120 26584 21448 21448 19557 22319 22319 24865 27311 27311 28088 30885 29525 29525 28048 28061 28061 26517 26517 26517 26505 24824 28791 28791 26490 25770 25770 26517 25678 25650 25650 25635 24838 24838 24101
19444 19444 23976 23076 23076 20350 23063 23063 23962 23063 24836 24836 26516 26516 26516 20364 19345 25661 25661 23934 23962 23962 27283 27270 27270 24850 22181 30244 22251 23200 22333 22333 21338 25690 25690 24796 22155 23036 23036 25633 23949 23949 24865 25717 22360 22360 19542 26584 26584 25730 27311 27311 27350 28830 26448 26448 28048 26463 26463 28036 28036 26475 26475 27311 25704 25704 28140 27350 25770 26517 25678 25650 25650 25635 24853 24853 24838
23161 23161 24824 19360 19360 19374 21267 25648 25648 23921 22181 22181 23090 24004 24004 19359 20307 23948 23948 23948 24836 24836 25676 27270 27270 24850 22181 30244 30244 25755 22319 22319 24085 24005 25704 25704 23991 23064 23064 22141 24809 24809 26531 26544 22347 22347 21462 24917 24917 27363 28114 26517 26517 28035 28843 28843 28791 28009 28009 27298 29525 27271 27271 27311 25704 25704 28140 27350 27350 28791 28049 26462 26462 26463 24798 24798 27257
22250 22250 22251 19401 19401 19386 19401 23990 23990 21266 21281 21281 23962 21309 21309 22237 20364 19428 23948 23948 24836 24836 25676 26489 22223 22223 22167 28777 28777 25755 23199 23199 22306 22292 22250 22250 23160 26474 26474 23037 23950 23950 29525 28114 22318 22318 21393 27324 27324 27324 27350 28817 28817 28036 28843 28843 28101 28009 28009 27298 29525 27271 27271 29589 30221 30221 28816 28830 27298 27298 26491 26436 26436 28740 27244 27244 24812
21337 21337 22237 23186 23186 18471 19443 24004 24004 20334 22194 22194 22250 21309 21309 22237 20364 19428 19428 23212 24957 24957 24111 23103 22237 22237 23961 27270 27270 25703 23173 23173 21378 25716 22250 22250 22237 24782 24782 23022 26544 27310 27310 22263 21434 21434 28856 25649 25649 27271 27256 27996 28817 28036 28843 28843 28101 27284 30208 30208 29552 29601 29601 29553 30173 30173 30827 28752 24825 24825 24866 28010 28010 30828 30175 30175 27985
23104 23104 21295 22278 22278 18498 19471 22278 24004 20334 22194 22194 22250 21364 21350 21350 22291 24929 24929 22371 22317 22317 22372 24017 23075 23075 24823 26503 26503 24823 20420 22279 22279 26517 23949 23949 21310 25633 25633 24768 23975 26516 26516 22346 20474 20474 28856 25649 25649 27271 27256 27996 27996 29525 27298 27298 28817 28856 28100 28100 28843 29589 29589 30208 32606 32606 27350 24905 24114 24114 27285 30839 30839 30828 27231 31420 31420
23022 23022 22209 22278 18498 18498 19471 22278 22278 23147 21391 21391 21350 22291 19484 19484 20445 21419 21419 22249 23974 23974 22262 20516 22346 22346 21447 24031 24031 24795 21322 22250 22250 25633 23036 23036 24018 23036 23036 26447 27297 26516 26516 22346 20474 20474 28074 29538 28790 28790 29475 28791 28791 30899 27311 27311 28048 28869 28907 28907 28153 30257 30257 29510 26517 26517 24073 24946 24033 24033 28023 31454 31454 27244 23924 25611 25611
23022 23022 22209 22237 22305 22305 17510 19457 19457 19443 20393 20393 20363 21378 24070 24070 23186 19499 19499 24045 21349 23146 23146 22262 20473 20473 22371 23119 23119 20279 20320 23990 23990 23909 23007 23036 24018 23036 26447 26447 27297 26516 26516 22346 20446 20446 26531 30860 28060 28060 28856 30257 30257 28856 26570 26570 27324 29539 28127 28127 28884 28817 28817 27311 24905 24892 24892 24033 25650 25650 26436 28766 28766 24867 23137 24785 25611
25633 25633 24877 20393 21364 21364 21378 21364 21364 23173 24084 24004 24004 22318 26583 26583 25660 23173 23173 23212 21378 20419 20419 24030 21349 21349 24057 24903 24903 24018 20320 23990 23990 23909 23007 23007 22195 24782 28034 28034 29538 23119 23119 21433 23173 23173 27336 27323 25689 25689 24019 24904 24904 25797 24986 24046 24046 24851 28843 28843 29566 28088 28088 23239 26518 22240 22240 26506 27257 27257 27972 28766 28766 24867 23137 24785 24785
23049 23049 23063 20319 21309 21309 23134 21309 21309 22250 24877 24944 24944 24071 20433 20433 18483 19513 19513 18426 21321 19442 19442 19470 17466 21349 24057 24903 24018 24018 23990 24809 24809 26448 23991 23991 27323 24850 27323 27323 27297 26530 26530 21378 20420 20420 22278 22237 22333 22333 24917 22333 22333 24140 21463 21435 21435 20475 24891 24891 26557 24946 24946 24047 27285 22240 22240 26506 27257 27257 27972 26436 24007 24007 24893 23122 23122
20335 21309 21309 21322 23090 23090 24823 19400 19400 20393 21280 20378 20378 24984 18512 18512 18498 18469 19485 19485 21321 19442 19442 19470 17466 17466 24071 27310 21337 21337 21295 24916 24916 20336 23105 23105 24890 23239 24057 24057 28816 24836 24836 25689 25689 19386 19386 19415 26531 26531 26544 23161 23161 20461 20518 21420 21420 20518 20518 20518 26557 24946 24047 24047 27285 27285 27285 28023 28766 28766 30839 27998 24812 24812 23150 22213 22213
23119 21294 21294 18397 22210 22210 22263 23173 23173 17423 16423 19358 19358 20377 20378 18512 18498 18469 19485 19485 20348 19372 19372 18370 21240 21240 20319 21266 20320 20320 24836 24878 24878 21255 23051 24957 24957 25847 24177 24177 26635 26503 26503 26489 27323 24850 24850 24877 28088 28088 29578 27414 27414 25848 23201 21420 21420 20518 20518 20518 22374 15705 26545 26545 28818 29487 29487 31454 32073 32073 31454 28011 26491 26491 22266 23079 23079
20348 18425 18425 17465 16452 16452 17423 20363 16439 16439 16423 19358 19358 20377 20378 20378 17466 16383 18498 18498 25633 24809 24809 19359 19373 20420 20420 21350 18384 18384 26474 23120 23120 22168 23051 26610 26610 23239 25755 25755 24190 23186 23186 28100 25703 24018 24018 27363 28114 28088 29578 27414 25848 25848 23201 28908 28908 27428 21477 21477 18585 25810 26545 26545 26519 28793 28793 28024 28010 28023 28023 27286 23163 23163 22281 29541 29541
20393 19456 19456 20445 19470 16452 17423 20363 16439 16439 16481 20364 20364 20335 18426 18426 17466 15449 18384 18384 20420 20393 20393 22292 19472 18427 18427 17439 22210 22210 22167 23051 23051 24046 24005 26676 26676 25755 26543 26543 22359 24125 25703 25703 25703 24018 24018 27363 28114 28114 29578 28101 26611 26611 20504 22280 22280 28909 21463 21463 19557 23283 24048 24048 28844 31489 31489 31973 30140 27245 27245 23053 22281 22281 23137 31514 31514
20393 19456 19456 20445 19470 19470 18439 22210 27362 27362 26543 20420 20420 19458 17511 18499 18499 21365 21351 21351 22264 20364 20364 18441 21351 19429 19429 19458 21393 21393 20379 25677 25677 24865 27363 24151 24151 27375 26543 26543 22359 24125 25703 25703 23990 26556 26556 26596 27376 27376 28869 28856 28115 28115 22307 22239 22239 27351 22334 21464 21464 18571 22266 22266 28831 29555 29555 28818 27273 27257 27257 28036 23163 23163 24034 28103 28103
19414 21322 21322 27349 24823 26489 26489 22181 26395 26395 22141 23076 23076 21296 21310 26475 26475 24796 23950 23950 21323 19472 19472 20421 21364 24019 24019 24019 25717 25717 24005 23105 24099 24865 27363 24151 24151 27375 27349 27349 22278 24150 23186 23186 24970 23239 23239 26649 28166 28883 28883 28114 28857 28857 23136 21324 21324 26532 23201 21478 21478 18557 19474 19474 25719 26586 26586 25785 24867 27272 27272 27285 22281 22281 24034 28103 28050
24850 23975 23975 27297 26461 22167 22167 22100 22154 22154 23935 23883 23883 24783 23064 22142 22142 22224 22155 22155 25662 24878 21365 21365 22224 24837 24837 24823 25717 25717 24005 23105 24099 24099 24903 23160 23160 24890 25689 25689 24018 24137 26701 26701 24970 26635 26635 25010 28191 28166 28166 28140 23136 23136 23121 27285 27285 28089 24879 24114 24114 20491 19516 19516 24932 23189 24034 24034 24867 27272 27272 27285 22281 22281 21382 27326 28819
29538 27297 27297 24004 22181 22154 22154 23007 23921 23921 26381 24782 22155 22155 23922 21269 21269 22169 23052 23052 26396 25662 23148 21365 22224 24837 24837 24823 26531 26531 25717 22279 24071 24071 24970 24072 24072 24904 23076 26489 26489 24903 24944 24944 24098 24058 24058 25847 28945 26623 26623 25731 22252 22252 22225 23092 23092 24838 25705 26558 26558 20477 18515 19516 24932 23189 24034 24034 25679 27272 27272 28806 22266 22266 22253 26519 25679
20334 20334 20334 19400 24864 23063 23063 23050 26434 26434 23090 23076 20294 20294 25677 22114 22114 23037 23052 23052 26396 25662 23148 23148 24837 24851 24851 25677 24865 24916 24916 24917 24891 24891 26650 24903 24903 26543 24824 24823 24823 25648 26503 26503 22278 25847 25847 27479 26622 24944 24944 24917 23148 23148 23149 23121 22183 24838 25705 26558 26558 20477 18515 18515 22294 24007 28076 28076 31502 31490 31490 26506 23189 24048 24048 28858 25706
23211 20433 19413 19413 20378 22223 22223 21322 21309 21309 23119 22250 24031 20294 25677 22114 22114 23037 24797 24797 25597 27271 24904 24904 23135 25677 25677 26531 27389 28817 28817 26569 24916 24916 25742 24864 24864 24004 23990 25676 25676 23949 24835 24835 23173 26701 24984 24984 25795 24944 24944 24957 23148 23148 23149 23121 22183 22183 25705 25718 25718 22321 19516 19516 18473 25664 32120 32120 31514 28090 28090 26573 22350 22281 22281 24893 24894
24003 22180 20348 20348 18453 20406 20406 21294 21309 21309 23119 22250 24031 24031 23064 22128 22128 25571 27271 28035 28035 24810 24032 24032 22238 25690 25690 24904 26530 25717 25717 25729 25755 25755 27349 26489 23076 23076 22167 25661 25661 23962 25660 25660 24057 25874 24984 24984 25795 24944 24944 24957 28165 28165 28127 27325 28062 28062 28102 24021 24021 23189 19474 16484 16484 21299 28845 28845 29568 28898 28898 25824 23189 22294 22294 22295 23164
24031 24863 23948 20348 18453 20406 20406 21294 20364 21322 21322 24004 23963 23963 22969 23923 23923 23922 26463 25649 25649 25622 22182 22182 24032 24891 24891 26543 24782 25608 25608 27229 26582 26582 24915 24902 23075 23075 25633 25661 25661 23962 25660 25660 24057 25874 27466 27466 26649 26635 26635 26635 28203 28127 28127 27325 28075 28075 26545 24947 24947 23189 22266 19403 19403 18444 25759 25759 29641 26613 26613 23216 23203 21382 21382 27404 27378
24031 24863 23948 23948 25661 22237 22237 20378 20406 27375 27375 26530 23895 23895 26381 22063 22063 23964 25690 25690 25690 27350 23936 23936 22251 25742 26569 26569 26447 25583 25583 26408 25648 25648 24004 23185 23075 23075 25633 25661 25661 24823 24850 24850 24903 24125 25009 25009 24151 26662 26662 26675 28945 28882 28882 28102 27351 27351 25744 24087 24087 23202 24034 19432 19432 20424 25758 25758 32221 26613 23215 23215 24932 26600 26600 30971 27379
21488 21461 22278 22278 25755 26556 26556 22237 21350 25703 25703 27297 24809 24809 25621 23831 23950 23950 24837 28074 28074 24783 23936 23936 24046 23134 25729 25729 25703 24756 25583 26408 25648 25648 24004 23185 24044 24044 24863 23961 23961 23076 24864 25741 25741 25728 27388 27388 25859 28991 28991 26688 28956 28113 28113 28089 26558 26558 25731 24060 24048 24048 24048 22282 22282 20450 19503 19503 22350 27403 27403 23215 24932 26600 26600 30971 27379
22277 22345 20530 20530 23989 23104 23104 20392 19456 21349 21349 22222 22209 22209 23990 24795 23936 23936 25634 27271 27271 24769 24864 24864 23187 23134 25729 25729 25703 24756 24756 26474 24809 27215 27215 24018 25768 25768 25794 24044 24044 24003 25716 24045 24045 29599 28125 28125 26687 28239 28239 28203 28933 28855 28855 28074 24020 24020 24879 23106 26518 26518 25732 24049 24049 24088 19503 19503 22350 27403 27403 27403 24933 31616 31616 30310 23203
24835 25754 21489 21489 24003 23089 23104 23104 23989 21294 21294 21363 20432 20432 21321 22263 23090 23090 25596 28022 27271 24769 24864 23187 23187 22278 25729 25729 25729 25648 25648 25715 25741 23090 23090 23007 23090 23090 23293 24164 24164 24997 24929 24030 24030 23173 28239 28239 28992 28215 29662 29662 28967 28869 28869 26518 24006 24006 23107 29554 26518 26518 25732 24049 24049 24088 21409 21409 18587 21437 23229 23229 24920 31592 31592 26600 22321
23974 24070 25755 25755 24098 24004 25703 25703 25689 25716 25716 23961 23989 23989 21363 22263 23090 23090 25596 28022 28022 25559 26503 22306 22306 22278 26556 26556 25729 27283 27283 28803 27336 24030 24030 23050 23908 23908 22359 24177 24970 24970 24030 26555 26555 27492 27479 27479 29687 30352 28956 28956 27400 28127 28127 26518 24006 24006 23107 29554 28844 28844 24919 22282 22282 30322 30995 19559 19559 17555 18529 18529 22295 28924 28924 26599 21423
24125 22332 23225 23225 27375 23134 25716 25716 25729 23147 23147 23961 23989 21363 21363 20446 23161 23161 24850 25621 25621 24730 25648 22251 22251 22305 24943 24943 23160 24890 24890 24890 24058 24031 24031 24836 27202 27202 25821 26622 24916 24916 28113 28112 28112 26662 26674 26674 28967 30352 28956 28956 27400 28127 28127 26505 26491 29499 29499 27313 25719 25719 23150 26586 26586 30983 30335 23229 23229 17555 16541 16541 17528 23203 23203 24087 24075
