BASIN_DATA/DATA/7339001/morph_cr2soil/soil_class_horizon_02.asc
NCOLS 384 
NROWS 512 
XLLCORNER -72.75 
YLLCORNER -36.5 
CELLSIZE 0.001953125 
NODATA_value -2147483647 
[rows 408 to 441 of 512, columns 0 to 76 of 384]
25687 25687 26501 23988 26473 26417 26418 26418 26418 27994 24717 24717 23853 23894 25606 25606 25595 23908 23908 25595 23907 23907 23006 22073 23075 23075 23973 24808 24808 24863 24044 24044 23199 28152 24045 24045 24004 27283 27283 26447 24782 27283 24823 23975 23976 23976 27284 28022 28022 27283 26447 23037 23037 24796 26461 26461 23064 25622 25622 23922 23936 24797 24797 28062 23909 23909 23936 25662 25662 23135 23161 21338 21338 26517 24019 24019 23991
25687 25687 26501 23988 26473 26473 27227 25569 25569 24755 25595 25595 25595 26460 23894 23894 26446 24767 24767 24767 24781 22954 22954 21170 22126 22126 24821 24807 24807 26555 24111 24071 24071 23160 23161 23161 27349 27283 27283 26447 24782 27283 27283 23975 23991 23991 24837 23991 23991 24018 26446 23962 23962 23991 24810 24810 23037 23051 23051 22142 23037 23897 23897 25622 27284 27284 21269 21256 21256 27298 23161 23161 23161 22251 26517 24019 23991
27321 28085 28085 30267 27321 27321 27282 27228 27228 28007 26529 27322 27322 26446 26406 26406 23867 23894 23894 23907 23920 22099 22099 20224 21294 21294 25688 25659 25659 24848 24915 23173 23173 23160 23161 23161 27349 27283 27283 27283 26462 26462 26462 23949 23936 23936 25634 23990 23990 26530 25689 26447 26447 24795 23036 23036 23922 22127 22127 22127 23063 23949 23949 25716 23161 23161 21338 22224 23077 23077 23161 23161 23161 22251 26517 26517 26489
26472 28058 28058 28071 28866 28866 26528 26581 26581 27373 28906 26581 26581 27241 24729 24729 23907 26433 26433 27215 27254 23049 23049 20278 21307 21307 21293 24002 25659 24848 24915 23173 23173 23186 28166 28166 22263 23105 25689 25689 23976 23921 23921 24782 23063 23063 24850 26503 26503 26503 24782 25621 25621 26433 23036 23036 23036 23920 24876 24876 26569 25703 25703 23991 25704 23161 21338 22224 23077 23077 26462 22181 22181 23076 26448 26448 24851
26417 27227 27227 28827 26514 26514 28124 28124 28124 28124 25687 26514 26514 30194 25582 25582 26433 25607 25607 27241 26406 23920 23920 20278 21307 21307 21293 24002 23989 23989 24876 23160 23160 24058 23226 23226 23174 23148 27336 27336 24824 24783 24783 23908 26407 26407 25596 27255 25607 25607 26489 27242 27242 22141 27241 27241 26515 24902 23990 23990 26569 25703 25703 23991 25704 25704 23161 23975 22168 22168 21228 22128 22128 22168 22168 23976 23976
26367 27187 27187 26432 27321 27321 25647 25631 25619 25619 25619 25631 25631 28775 24742 24742 26406 25607 27241 27241 26406 23920 23920 21226 21225 21225 22208 23117 24863 24863 24003 24030 24030 28126 24058 24058 23148 23135 28074 28074 23963 27230 27230 29463 24810 24810 23922 26434 26447 26447 23895 23908 23908 24822 25728 27241 26515 24902 23990 23990 25661 23991 23991 22211 25730 23148 23148 20378 22168 22168 23950 20294 20294 25634 23064 23050 23050
27187 27175 27175 26406 25606 25606 24755 25543 25531 25531 26432 25619 25619 28775 24742 24742 26406 25607 25607 25607 27214 23049 23049 19330 20306 20306 24003 26502 25688 25688 24097 24929 24929 24058 26570 26570 28114 24019 23991 23991 23950 28022 28022 26408 24744 25597 25597 23036 23908 23908 23895 23908 23908 24822 25728 26555 26555 26516 23161 23161 24836 24851 24851 22250 23160 22264 22264 22167 21241 21241 24769 22114 22114 25597 25608 23949 23949
27227 27200 27200 24704 25557 25557 25544 24704 25531 25531 26432 25619 25619 25594 25607 25607 24781 23920 24767 24767 26433 23035 23035 22061 20265 23062 23062 23947 23961 23961 26568 23212 23212 24098 27388 28126 28126 24878 27336 27336 24824 24783 24783 25570 22982 25597 25597 23036 23908 23908 23883 23921 23921 25676 23974 23975 23975 23147 27375 27375 23105 21282 21282 21310 24903 22238 22238 23051 20294 20294 23023 23051 23051 25633 25743 24006 24006
27321 26514 26514 24704 25557 25544 25544 24704 24704 24704 24716 25544 25544 25557 24766 25606 25606 25632 23920 23920 26433 23907 23907 21157 21184 26417 26417 27269 26473 26473 23118 24957 24957 25795 24903 28126 28126 25717 25703 25703 24824 24783 24783 25570 22982 22995 22995 26420 23883 23883 25596 26502 26502 23975 24850 23104 23104 24045 29612 29612 22211 23120 23119 23119 24903 23949 23949 22154 24768 24768 21199 24795 24903 24903 23991 23976 23976
27321 26514 26514 26459 26417 25532 25532 24717 25557 25557 25544 24741 24741 24729 24781 25607 25607 23907 25620 25620 25607 23907 23907 22954 20238 21198 21198 21211 23973 23973 23075 24058 24058 23212 25742 28126 28126 25717 25703 25703 23963 23922 24744 24744 27202 26381 26381 23883 22982 22982 24768 25703 25704 25704 26530 24864 24864 27363 24046 24046 21296 24032 20407 20407 24877 26530 26530 26489 23104 23104 24768 25648 24903 24903 23991 23976 23976
25659 26487 26487 28085 26472 24794 24794 25595 25595 25595 24717 24716 24716 25606 26367 24767 24767 25620 23907 23907 23907 22112 21131 21131 23021 19330 19330 21183 22209 22209 23075 24058 23212 23212 25742 26556 26556 26569 26556 26556 27310 23949 26419 26419 26407 23856 23856 26407 23883 23883 24809 25702 28125 28125 26543 24864 24864 23091 23091 23091 23161 24930 26556 26556 26583 25730 25730 26489 23104 23104 24768 25648 27336 27336 25677 24851 24851
27451 25702 29551 29551 28046 25659 25659 26473 25632 25632 25606 27253 28750 28750 26432 24781 24781 23907 23907 23907 23907 23006 20211 20211 23075 19330 19330 21183 22209 22209 23075 23172 24957 24957 27375 23134 23134 23147 24864 24864 24823 23950 24769 24769 23022 23883 23883 26407 25597 25597 27284 25715 26556 26556 27337 28895 28895 26543 23105 20408 20408 23174 26556 26556 26583 25730 25730 25743 24865 25662 25662 26434 28114 28114 24865 28114 28114
26647 27437 25687 25687 25674 27308 27308 24767 23893 23893 25631 24821 23919 23919 24717 24704 24704 23920 22140 22140 23907 23006 20211 20211 23075 23062 23062 22194 26472 26472 23989 23160 23173 23173 23173 23119 23119 26503 27297 23063 23063 23963 23023 23023 23908 23883 23883 26407 24824 24783 24783 23134 24890 24890 25690 24005 24005 22251 23105 20408 20408 23174 21365 21365 24058 26570 26570 24047 24032 26543 26543 24795 26503 26503 25689 23976 23976
29563 26621 26661 26661 26581 24863 24863 25675 24794 24794 26514 24848 23048 23048 22111 24704 24704 23920 22140 22140 22140 21212 20224 20224 21266 22236 22236 23089 23989 23989 23989 24876 24003 24003 24889 24018 24018 25633 27269 23063 23063 23077 25633 25633 26434 23908 23908 24795 27324 26489 26489 24877 26544 24890 25690 24005 24005 22251 22224 20366 20366 23162 23187 23187 24058 24033 24033 23148 24891 24005 24005 24837 24865 24865 27363 24019 24019
29550 27335 26582 26582 27451 26567 26567 26542 26541 24888 24888 24848 23048 23048 22111 23919 23919 22126 22180 22152 22152 21253 20211 20211 20306 18511 18511 22194 23075 23089 23089 23961 24822 24822 23961 27323 27323 25633 24795 23064 23064 22168 23051 23051 23922 27254 27254 25675 27324 26489 26489 24877 26544 26544 25704 24904 24904 24032 22224 21324 21324 22264 25743 25743 27362 21351 24838 24838 21324 24905 24905 24047 24032 24032 28127 25717 23161
25607 24835 24876 24876 24029 25781 26567 26542 26541 24888 24888 22261 20444 20444 20333 19315 19315 18329 19330 18370 18370 16382 18356 18356 19358 18425 18425 20432 25688 22180 22180 24835 23089 23089 23062 23920 23920 27242 23022 23063 23063 24824 23050 23051 23922 27254 25675 25675 28829 27362 27362 26530 24864 24864 28126 28896 25743 25743 21323 22279 22279 24917 26570 26570 26543 21338 21339 21339 21324 21339 21339 24006 25743 25743 24046 24891 28101
25606 24835 24876 24876 24029 25781 25781 25753 22248 23171 23171 22289 21335 21335 19426 22139 22139 18287 18301 16396 16396 18383 19330 19330 19344 18370 17422 17422 18453 22304 22304 23159 22165 22165 21266 25607 26460 26460 23022 23063 23063 24824 23050 23050 23063 24781 25661 25661 26516 26503 26503 25661 27297 27297 25677 23148 22251 22251 22168 24905 24905 20407 23135 23135 27362 27271 20395 20395 21339 21366 21366 24905 23162 23162 21352 24891 28101
25606 26406 24808 24808 23103 24901 24097 24097 22316 21376 21376 22289 21348 21348 19456 18369 18315 18315 18315 14388 14388 14415 16356 16356 20239 17299 16329 16329 20306 20363 20363 19385 22236 22165 21266 25607 26460 26460 23921 23050 23050 23050 25688 25688 26489 26434 25661 25661 25689 26529 26529 26461 24836 24836 26516 25729 22251 22251 21323 24032 24032 28907 27376 22251 22251 24019 24020 24020 26544 24918 21366 24905 23162 21352 21352 22252 24904
22993 22993 23881 23881 22166 22221 20404 20404 20419 19441 19441 20444 19469 19469 20405 22222 22153 22153 21226 20292 20292 14402 13274 13274 15325 15310 14350 14350 20306 20363 20363 19385 22236 22236 24915 24849 26460 26460 28033 25648 25648 28072 27309 24795 24795 23921 25633 25633 24836 27361 27361 27270 27323 26516 26516 24905 24032 24032 22212 21297 21297 23149 23120 22224 22224 24019 24020 24020 26544 24918 24918 24047 23964 28074 28074 22183 23092
22993 23894 23894 23894 21238 19398 19398 19398 19413 19455 19455 20391 20405 20405 17523 18469 17423 17423 17423 17383 17383 13343 14376 15325 15325 15310 14350 14350 12395 17451 17451 19358 19399 20459 20459 24863 25675 25675 23975 23961 23961 24808 23949 24809 24809 23063 24794 24794 28087 26542 26542 27322 24835 25703 25703 27376 24046 24046 22168 23106 21297 23149 23120 22224 22224 26543 26504 26504 24891 24047 24047 28166 24033 23149 23149 27299 22240
23906 23020 21184 19372 19372 20377 21307 21307 20376 21293 21293 18424 18453 18439 18439 17423 15433 15433 17423 17383 17383 13343 14376 12308 12308 14376 12381 12381 14401 14429 14429 14388 18397 18439 18439 20458 23989 23989 23948 23990 23990 23147 23160 23160 23160 23962 28073 28073 27297 25688 25688 27335 26515 24837 24837 27376 24046 24046 22168 23106 23106 20395 23161 25730 25730 27336 24019 24019 27376 23187 23162 23162 22212 22240 22240 23136 26462
22126 22993 21198 20306 20306 19385 20318 20318 18369 21265 21265 18370 18382 18439 18439 17423 15433 15433 12395 12335 12335 13429 15393 12321 12321 12321 13399 13399 11331 12365 12365 12365 20348 20392 20392 18567 21376 21376 23989 23090 23090 23134 24018 24877 24877 26503 28829 28829 23975 23975 27335 27335 26515 24837 24837 22251 22211 22211 21282 21338 25743 25743 23161 27389 27389 28114 24006 24006 23161 27401 24060 24060 22225 22197 22197 21324 26491
22980 20238 21198 19289 19289 19329 19357 19357 18369 21265 21265 18370 18382 17423 17423 18383 16423 16423 13429 13398 14429 14429 18370 13356 13356 14415 17409 17409 16438 13457 16466 16466 19456 19526 19526 18566 21446 21446 22236 26473 23975 23975 24889 27375 27375 26503 28829 28829 23975 23975 27309 27309 28086 23135 23135 24891 21339 21339 24837 21338 21365 21365 22264 24004 24004 26531 23187 23187 24073 23174 24917 24917 24060 23107 23107 21353 25731
19289 19289 21212 19289 19289 19329 19357 19357 18382 21225 18315 18315 18370 17396 17396 18411 13370 13370 15406 13398 18453 18453 18370 13370 13370 14443 13429 13429 13458 14609 14593 14593 23238 24137 24137 17583 24956 24956 24835 25647 23975 23975 24889 27375 27375 26515 28059 28059 23949 25676 23975 23975 26543 28895 28895 22251 27350 27350 21310 21310 28126 28126 27336 27270 27270 27375 24917 24085 24085 23175 27311 27311 27389 21297 21297 22184 21353
19289 19289 21212 23006 23006 18287 18356 18356 18370 18343 17369 17369 17369 17383 17383 16382 13370 13370 12293 17409 13399 13399 14429 13385 13385 14609 14576 14576 16537 18483 16480 16480 21294 22222 22222 17583 24956 24956 24835 25647 23948 23948 23159 27388 27388 26502 27296 23948 23948 28060 28087 28087 23135 23120 23120 20350 19332 21310 21310 21338 27362 27362 24004 23148 23148 25756 24073 21380 21380 23187 26557 26557 24060 21297 21297 22184 21353
21253 21253 21226 22126 22126 19330 18369 18369 21265 21239 17342 17342 17383 20238 20238 13300 18315 18315 12320 14443 13474 13474 14429 13505 13505 15489 14456 16409 16409 16409 16409 16480 21294 22222 22222 20392 24902 23104 23104 24850 24902 24902 24045 27426 27426 22237 23075 24822 24822 23948 23119 23119 24019 22224 22224 20321 22156 24825 24825 21351 23200 23200 24072 24046 24046 27401 22293 22280 21380 23187 26557 26557 24060 22225 22225 20323 24826
22209 22209 23061 23034 23034 20333 20347 21279 21279 19399 18410 18410 17395 18383 18383 13369 13398 12334 12334 15446 14487 14487 20362 14531 14531 15433 14456 16409 16409 16409 16409 16409 24017 21308 21308 21295 19385 24003 24003 24018 24045 24045 23212 28907 28907 28867 26502 25676 25676 23974 28086 28086 28099 23135 23135 20379 24824 27284 27284 21269 20395 20395 23174 24046 24046 27401 22293 22280 22280 22293 20366 20366 24866 22225 20352 20352 24825
22209 22209 22165 22165 22165 19385 18370 18397 18397 18397 19384 19384 21293 16452 16452 14443 15432 14516 14516 14486 14502 14487 20362 14531 14531 15433 15447 15476 15476 17495 15462 15462 17481 20377 20377 18454 16481 18484 18484 22291 22347 22347 21419 23212 27361 27361 28855 23090 23090 23077 27309 27309 23989 24864 21351 21351 26544 20395 27284 21269 20395 20395 23174 22306 26623 26623 21394 22239 22239 22212 21269 21269 21269 22170 21257 21257 20296
23145 23145 23075 19343 19343 17369 21239 19385 19385 19399 17369 17369 20318 15433 15433 14361 15432 14516 14516 14486 14502 14502 18469 15460 18411 18411 14430 14402 14402 15421 14473 14473 14488 15505 16467 16467 17481 17510 17510 18512 26583 26583 15564 21434 21337 21337 27349 19414 19414 25704 22181 22181 23120 24864 21351 21351 26544 20395 20395 22197 25704 25704 21296 22293 22280 22280 24879 22212 22212 22197 25663 25663 24812 28076 26476 26476 26476
25754 25754 24942 24043 23961 23961 22194 18397 18397 18425 20306 17369 20318 15433 14361 14361 15419 14486 14486 14457 15461 15461 16465 15432 23075 23075 25632 20292 20292 15367 16382 16382 18439 17466 24877 24877 16453 17524 17524 17538 26596 26596 16553 15578 24916 24916 20406 21338 19414 25704 22181 22181 23120 27349 28855 28855 26583 27376 27376 21324 22252 22252 26490 22239 22225 22225 23136 22197 22197 25663 26491 21256 21256 25664 25650 25650 26491
28137 28137 25728 24029 24003 24003 22194 18397 18397 18425 20306 20306 18383 13385 20277 20277 16395 14487 14487 15476 14502 14502 16494 16494 15447 15447 23062 25620 25620 19330 16382 16382 23103 16438 17451 17451 25728 17481 17481 16553 15520 15520 14547 15578 24916 24916 20406 21338 21338 20364 23120 23105 23105 22250 23160 23160 20395 20366 20366 22197 23106 26491 26491 21269 22169 22169 23052 21269 21269 26476 21284 22170 22170 23066 24812 24812 26491
27361 28137 25728 24029 24003 24003 19358 18356 18356 17369 20292 20292 16451 13429 15405 15405 19385 15489 15489 16494 16508 16493 16493 16494 17465 17465 17437 24835 24835 17423 17409 16466 16466 16453 19427 19427 17466 24916 17481 16553 15520 14547 14547 16568 23173 23173 25782 19429 19429 23148 19458 20407 20407 18485 28140 28140 20380 21297 21297 20337 22197 21283 21283 22213 23009 23009 23923 24771 24771 22130 23010 23938 23938 22157 22198 24812 26491
27361 27373 27373 24082 24928 24928 22289 19385 19385 17383 21265 14428 14428 15519 13488 13488 13442 15447 15447 16494 16523 16523 16523 16480 17451 17451 17451 17451 17451 19442 17466 16509 16509 16453 19427 19427 17466 24916 24916 15520 22291 24944 24944 16554 17538 17538 25782 28191 28191 23187 19472 20462 20462 21407 19445 19445 20366 20366 20366 22197 20322 22225 22225 22157 23053 23053 22226 22253 21298 21298 23010 23938 23938 22157 22198 22198 21284
24968 24956 24956 24942 24097 24097 21377 19398 19398 17408 19371 13369 13369 16507 14487 14487 15461 16523 16523 15476 19442 19359 19359 25632 26488 26488 16410 16452 17451 19442 17466 16509 16509 24031 24030 24030 15462 15534 15534 16524 26609 27412 27412 17525 17584 17584 18527 28178 20447 20447 19458 20421 20421 19473 19445 19445 26531 27284 26517 26517 21353 22213 22213 22157 22226 23053 22226 22253 21298 21298 23066 20352 20352 26519 22184 22184 25651
