BASIN_DATA/DATA/7339001/morph_cr2soil/soil_class_horizon_06.asc
NCOLS 384 
NROWS 512 
XLLCORNER -72.75 
YLLCORNER -36.5 
CELLSIZE 0.001953125 
NODATA_value -2147483647 
[rows 306 to 339 of 512, columns 154 to 230 of 384]
30199 30199 30211 25707 25707 24035 23108 24022 24022 24021 24021 24021 20352 19431 25745 25745 27403 25758 25758 24893 26572 26572 25758 30272 29603 29603 27326 27313 26477 26492 28832 28832 28050 30888 31525 31525 29541 26492 26492 23093 23107 26533 26533 27339 22226 22226 22226 25706 25706 24008 24853 24021 24021 24007 25705 25705 28024 29513 29513 31502 30222 31501 31501 32107 28076 28076 23978 21285 19404 21313 19418 15466 15466 17646 18557 18557 21422
23080 23080 25692 28858 25759 25759 24907 23164 23164 24007 24034 24034 21312 19417 24919 24919 30321 32186 32186 26558 24893 24893 25758 30272 29603 29603 27326 27313 27313 23978 27339 27339 27339 27339 27313 27313 27300 29541 29541 27300 28819 30876 30876 29568 26533 26533 26519 27365 27365 26506 28806 28103 28103 30246 28831 28831 24020 24048 23137 23137 23150 23993 23993 32107 28076 28076 23978 21285 19404 19404 17470 12415 12415 20533 21408 21408 21437
27314 27314 25733 30913 30901 30901 26533 25692 25692 25706 25732 25732 23150 21270 22240 22240 26572 32186 32186 26558 24893 28103 28103 30297 25758 25758 23978 23978 23978 23978 28090 23094 23094 23093 23107 23107 23978 29527 29527 31525 31502 31514 31514 31514 30259 30259 27378 26492 32142 32142 30875 30875 30875 25718 23136 23136 23137 22266 23137 23137 23150 23993 23993 24839 24839 24839 23993 23150 24880 24880 19390 17485 17485 19503 24948 22363 22363
23108 23108 23138 28076 26519 26519 27286 29541 29541 29555 30924 23150 23150 21270 22240 22240 26572 24918 24918 32741 31546 26585 26585 26572 23150 23150 24007 23993 23993 23978 26533 24853 24853 22198 22198 22198 27339 30913 27326 27326 27326 26572 26572 26586 24919 24919 23150 25719 25706 25706 26533 24880 30875 25718 23136 23136 23137 22266 21353 21353 21325 22253 22253 24048 24034 24034 22227 23150 20382 20382 18474 16513 16513 21409 22335 21437 21437
24007 23994 23994 23067 27314 27314 27286 29541 29541 29555 30924 23150 23150 20367 19389 19389 23137 25772 25772 25758 27391 24880 24880 22281 21340 21340 21353 22241 22241 24022 28116 27339 27339 22214 23080 23080 28858 27339 27339 27339 26519 26533 26533 26586 24034 24034 23150 25719 25706 25706 26533 24880 24880 24020 23122 23122 22266 23176 21353 21353 20396 22253 22253 23176 22253 22240 22240 21325 19460 19460 15509 17555 17555 21408 22309 24988 24988
24007 23994 23994 23067 27314 27314 28050 25679 25679 23978 24867 22226 22226 19362 21298 21298 23163 24021 24021 26546 21353 21340 21340 22184 18360 18360 19403 20381 22253 22253 25733 24035 24035 22241 25720 25720 25719 24035 24034 24034 24048 26533 26533 26586 24034 24034 23150 27352 26519 26519 24853 24867 24867 23107 22253 23150 23150 23163 21325 21325 21312 22240 22240 21340 21325 19432 19432 19446 18474 18474 21422 22336 22336 21408 22350 21396 21396
24868 24826 24826 23080 26507 26507 28090 26546 26546 24007 23107 22157 22157 20338 21340 21340 28090 28063 28858 28858 23176 20352 20352 21243 23053 23053 21298 17469 21340 21340 21354 21341 21341 21326 23151 23151 25719 24035 24034 24034 24048 24061 24061 24061 24048 22253 22253 23137 22241 22241 21298 21298 21298 21325 21325 20381 20381 21325 20410 20410 20396 20410 20410 20410 19432 20423 20423 15508 17541 17541 19530 21437 21436 21436 22350 22336 22336
26506 25680 25680 23979 27327 27327 29555 29568 25679 25679 23107 22170 22170 21230 21284 21284 28129 27365 26572 26572 23107 20296 20296 23079 23965 23965 22198 19417 21340 21340 21354 21341 21341 21326 23151 24881 24881 24894 24906 24906 23176 24048 24048 24074 22281 21367 21367 21368 21382 21382 20424 19447 19447 20323 20338 19403 19403 19432 17428 17428 16400 16386 15410 15410 13433 20381 20381 20436 15552 15552 19530 21437 21436 21436 22350 22336 22336
27300 26506 26506 23993 23978 23978 28845 24826 24007 24007 23107 23079 23079 23952 23079 23079 20367 20367 21298 21298 19376 23079 23079 23952 26492 22198 22198 19417 21340 21340 20423 19530 19530 19517 20477 24129 24129 27455 23243 23243 22282 22254 22254 22254 21341 19461 19461 24022 20368 20368 23138 23123 21326 21326 19404 23123 23123 21299 22227 22227 22226 17400 17455 17455 21340 26559 20381 20436 15552 15552 19530 21437 21422 21422 23216 24129 24129
27313 24867 24867 23122 23965 23965 23952 24826 23951 23951 24007 23093 23093 23093 21298 21284 21284 21312 22240 21298 19376 23079 23079 23952 26492 25692 25692 21298 21312 21312 21325 19446 19446 20381 20409 23228 23228 28231 25786 25786 23164 21341 21341 19475 18515 21423 21423 23164 22254 22254 24035 23151 23123 23123 24881 24868 24868 24894 26534 26534 19418 17400 17455 17455 21340 26559 26559 20423 15552 15552 18543 21436 22294 22294 28206 31063 31063
27300 26519 26519 24021 24826 24826 24838 25691 25663 25663 23951 23137 23137 23122 21298 21284 21284 21312 22240 22240 21353 23993 23993 24826 28076 24839 24839 20338 21284 21284 19389 19403 19403 23137 20423 21381 21381 25785 27378 27378 23163 22267 21313 21313 21326 21326 21326 23123 24049 24049 29591 26547 24881 24881 22254 24868 24868 24894 26534 26534 19418 20368 28871 28871 24034 24074 24074 20449 16587 16556 16556 22335 22335 22335 23255 23229 23229
28050 27285 27285 25706 25758 23977 23977 24838 24033 25663 23951 23137 23137 23122 22226 21312 21312 22226 21312 21312 23122 23107 23107 23093 23978 21270 21270 20323 21270 21270 21243 19362 25679 25679 24007 22226 22226 21353 24893 24893 26586 27391 23137 23137 25692 22240 22240 23177 24894 24894 29591 26547 24881 24881 22254 20368 20368 19418 19418 17428 17428 17455 21367 21367 27391 22308 22308 19474 16587 18571 18571 20491 22321 22321 23284 22375 22375
25679 24839 24839 25706 25758 23977 23977 24838 24033 24033 24852 24838 24838 24021 21324 20380 20380 21311 22240 22240 24047 23176 23163 23163 24020 22198 22198 23093 21270 21270 20310 20338 26533 26533 24905 24034 24034 22266 21367 21367 27352 31547 22294 22294 25692 22240 22240 23177 24894 30236 30236 26560 24075 24075 24049 22227 22227 25720 23138 21299 21299 21326 20381 20381 20423 25732 25732 22308 23242 24141 24141 15581 20491 20491 22375 22375 21506
25679 24839 24839 24021 25732 24006 24006 28818 25678 25678 24033 26532 24852 24852 23150 22239 22239 20395 22239 22239 22280 24060 23136 23136 23150 23122 23122 23106 22184 22184 21257 21284 22266 22266 28141 24073 24073 22266 21367 27352 27352 31547 22294 22294 22226 27352 27352 26519 25692 25680 25680 25720 24035 24035 27352 24049 24049 22241 20353 19404 19404 20382 24893 24893 22281 22308 22308 21381 17527 20533 20533 20491 22349 22349 22402 22388 21450
24866 24826 24020 24020 24879 24879 24879 24838 30210 30210 24852 24891 25691 25691 23992 22225 22225 21324 21297 21297 23093 24852 25678 25678 23977 23078 23078 23066 22213 21284 21284 21312 21298 22266 28141 24073 24073 22266 21367 25719 25719 30925 22253 22253 25706 23176 23176 24906 24880 29568 29568 30236 28871 28871 25746 24920 24920 22267 23079 24061 24061 24061 30948 30948 21381 22308 21395 21395 13590 17601 17601 23242 21450 21450 22402 22388 21450
25691 25650 24034 24034 24020 24879 24879 23092 26463 26463 26518 24892 25718 25718 23092 23092 23092 22156 23052 23951 23951 24825 24825 24825 23977 25678 25678 23951 22213 21284 21284 21312 21298 21298 25678 26518 26518 26532 22239 26559 26559 26546 21340 21340 21340 28141 28141 25719 25679 29568 29568 25720 27352 27352 26546 24906 20410 20410 15509 23189 23189 23176 24061 24061 23189 19488 18557 18557 16618 17601 17601 23242 21450 21450 25850 21450 18571
23136 23122 23137 23137 24020 23136 23136 24797 29526 29526 24825 24866 26532 26532 24020 23092 23092 24838 24838 24825 24825 23977 24825 24825 23977 25678 25678 23951 23951 23052 23052 22183 23065 23065 26518 25691 25691 26506 23106 22281 22281 23163 23149 23149 23150 30246 32131 32131 29541 28063 28063 28103 28858 28858 28871 24048 20424 20424 19474 23202 23202 23202 23202 24061 23189 19488 18557 18557 16618 14581 14581 21436 21450 32296 32296 30414 21478
23121 24007 24020 24020 24020 24838 24838 22156 24797 23937 23937 25678 25691 25691 24852 25691 25691 24838 24838 24825 24825 23977 32652 32652 27271 24852 24852 24852 26491 23977 23977 23937 23977 23977 26505 26518 27312 27312 23092 22281 22281 24048 24060 24060 23163 23137 27325 27325 29554 28858 28858 26533 22240 22240 24034 21353 18487 18487 19474 23202 23202 23202 23202 20449 20449 19488 23242 23242 13590 17587 17587 18586 22362 24167 24167 22402 18616
25663 24825 24033 24033 25718 23992 23992 23910 23937 24825 24825 25678 25691 25691 24852 25691 25691 24852 26491 25663 25663 25663 26476 26476 26436 31465 30874 30874 25677 24866 24866 27325 25731 25731 25678 26491 26476 26476 22197 21381 21381 21367 27364 27364 23149 20409 23137 23137 23107 26505 26505 27338 22240 24034 24034 21353 18487 18487 19460 30983 30983 31604 25772 20449 20449 14549 14613 14613 20491 21436 21436 21464 18586 16587 16587 19587 22402
28831 28818 25663 25663 25691 24838 23992 23910 23937 24825 24825 27299 28049 28049 28779 26449 28089 28089 29554 26463 26463 25663 24838 24838 23977 26491 25663 25663 25623 28036 28036 25649 24837 24837 23991 26505 27299 27299 24020 22280 22280 26558 30283 28897 28897 24033 21339 23137 23107 26505 26505 27338 23150 24048 24048 20449 19460 19460 22294 27442 27442 24947 24960 20463 20463 16556 23255 23255 21436 21450 21450 21450 21450 20561 20561 23309 22402
28831 28818 25663 25663 25691 24838 24825 24825 25663 24006 24006 26491 25663 25663 26505 26491 27299 27299 26505 26476 26476 23937 22184 22184 21257 22184 22198 22198 23965 26449 26449 24784 30861 30861 27284 25705 26545 26545 24866 22265 22265 22226 30283 28897 28897 24033 21339 21339 22239 28102 28102 28857 24034 24947 24947 20436 20409 20409 23176 24932 24932 24932 22308 19516 19516 16587 20491 20491 20491 21436 20491 20491 21506 23309 23309 22416 22388
23992 23951 23951 23951 25678 24838 26505 26505 27299 24838 24838 24852 25678 25678 26505 26518 27338 27338 24852 23136 23136 22184 22170 22170 23052 22157 22169 22169 23964 25650 25650 25623 27256 28035 28035 25663 26545 26545 24866 22265 22265 22226 27351 28884 28884 24033 21367 21367 24033 30924 30924 27351 22253 22308 22308 20409 24034 24034 24919 24048 21367 21367 19488 17555 17555 16571 16571 16571 22335 23242 21422 21422 22402 19602 19602 22416 21492
22169 22183 23937 23937 26476 25691 26505 26505 25635 24811 24811 24811 24838 24838 23951 23937 23065 23065 23964 22212 22212 23066 24825 25663 25663 25635 25635 25635 23079 23065 23065 25623 27256 28035 28035 25663 27351 27351 23106 22253 22253 24879 30935 28870 28870 27351 22280 22280 26545 28089 28857 28857 23137 21381 21381 21312 24021 24021 24034 23150 23176 23176 20436 19516 19516 15552 20477 20477 21408 23215 27429 27429 22402 19602 19602 22416 21492
26476 26463 26476 26476 27285 28049 24797 24797 24838 23992 23992 24020 23175 26585 26585 28857 23977 23977 24811 24811 24811 25663 25650 25635 25635 25635 25635 25635 23079 23065 23065 23039 25635 26463 26463 29526 24866 24866 24852 23136 23136 23136 28870 29590 29590 25705 24918 24918 23149 22213 29567 29567 25679 24007 24007 22226 23993 23993 23122 24021 24879 24879 24060 20449 20449 20462 20477 20477 21408 23215 27429 27429 22402 19587 19587 18630 21478
30222 30875 31513 27285 27285 28818 24811 24811 24892 24060 24060 24060 24086 24033 24033 27299 27312 27312 29512 29512 24811 25663 25650 25635 25635 27244 25610 25610 24797 24825 23066 23066 23053 26492 26492 25678 24838 24838 26545 23121 23150 23150 26518 29579 29579 28089 23977 23977 22226 22198 32131 32131 28089 23093 23093 23952 25679 25679 26491 25691 27325 24879 24060 20449 20449 20462 20477 21408 21408 30994 28948 28948 23242 21492 21492 20533 22402
26491 26505 27312 27299 27299 28818 26532 26532 24047 24047 24047 23162 24047 26546 24033 27299 27312 27312 29512 29512 28049 28049 27285 26491 26491 24811 26449 26449 29487 27285 26491 26491 26491 27257 27257 27299 26491 26491 23977 23149 22213 22213 23106 27312 27312 27312 25663 25663 23092 23078 29540 29540 27313 24826 24826 23952 25679 26491 26491 25691 27325 27325 24879 23202 23202 18528 20463 22321 22321 24960 29678 29678 23242 19530 19530 18557 19587
21324 22239 24866 24866 24866 28870 28884 28884 23176 24047 23162 23162 24047 26546 26546 27312 28805 28805 27285 26476 26463 26463 27272 27299 27299 24825 25678 25678 24838 25635 29487 29487 29540 27997 27997 27257 26476 26476 26491 24866 23092 23092 23092 27299 27299 29526 28075 24867 24867 23137 29540 29540 27313 24826 24826 26505 24811 33682 33682 30210 26505 26505 24020 23188 23188 19487 19502 24114 24114 23215 24128 24128 23255 22335 22335 22335 19516
19488 19488 24918 24866 24866 28870 28884 28884 23176 24061 23176 23176 24906 28870 28870 28102 28075 28075 24825 24021 24006 24006 23078 23106 23106 24866 24853 24853 23992 23964 25663 25663 25635 26463 26463 27285 27285 27299 27299 26505 24826 24826 23066 27285 27299 29526 28075 24867 24867 23137 25679 25679 30223 27312 27312 30875 25650 32107 32107 26505 26518 26518 23121 21353 16511 16511 19502 23215 23215 22321 23242 23242 24128 23215 22321 22321 22308
19488 19488 24918 28167 28167 28155 24918 24918 23215 23228 25811 25811 26625 25785 25785 24893 24061 24061 24033 25718 26505 26505 23078 21270 21270 21297 21352 24060 24060 22252 23963 23963 25648 23964 23964 24838 26476 28075 28075 26505 24826 24826 23066 27285 27285 30210 28075 23978 23978 23964 24839 24839 30211 30222 26477 26477 26492 26476 26476 25692 22239 22239 22253 19488 16511 16511 20449 24101 24101 23242 24128 24128 20449 18529 17527 17527 22321
20463 20463 24959 24960 24960 24101 23215 23215 22308 24087 24101 24101 24101 24960 24960 24101 24947 23162 23162 25678 27285 27285 27272 23951 23951 23964 23992 23106 23106 23992 23078 23078 23092 23964 23964 24838 26476 28075 28075 26505 24812 24812 26463 27257 28049 28049 29526 28075 28075 27313 28063 28063 29540 27312 24034 24034 23188 22281 22281 21367 21381 21381 22280 22280 18486 18486 21407 24947 24947 24101 24128 24128 19502 20436 17527 17527 22321
20477 20477 20463 19502 19502 22321 23215 21395 21395 22308 19488 19488 19474 24101 24101 24101 24087 24074 24074 24853 24825 24825 24825 24811 24811 23964 26491 24852 23106 23992 23078 23078 23092 23078 25691 25691 25678 28818 28818 29526 28805 28805 30875 30198 30850 30850 29512 29512 29512 28805 28818 28818 26505 24006 24931 24931 22335 22334 22334 21407 22281 22281 24931 23175 17526 17526 24947 26611 26611 24101 24128 19502 19502 20436 17527 17527 24074
25785 25785 24947 24932 24932 25772 24947 22308 22308 21408 23202 23202 22321 24074 24074 25785 24101 24074 24074 25731 27285 27285 27285 24811 23964 23964 26491 24852 24852 26505 28036 28036 27257 28779 26475 26475 23977 25663 25663 28792 30862 30862 29527 29540 30210 30210 29513 30850 30850 31477 28818 28818 27299 24074 22335 22335 22348 22321 22321 22293 23175 24060 24060 20422 17526 17526 24947 26611 26611 24100 24947 25785 25785 21395 18501 18501 24074
28948 28948 25798 25785 25785 25785 24960 26625 26625 25798 25784 25784 21395 21408 26611 26611 27415 24074 24074 25731 27285 27285 27285 24826 24811 24811 24825 24811 24811 28010 30186 30186 25635 25650 24811 24811 23092 26505 26505 28779 28792 28792 26491 26492 26477 26477 27285 28766 28766 28036 27299 24838 24838 23188 22320 22320 22280 24892 22321 22293 23175 24060 24060 20422 20435 20435 24918 25771 25771 27402 24087 23189 23189 20449 20436 20436 24932
28922 28922 28936 25785 28194 28194 28194 27416 27416 26558 27364 27364 21395 21408 26611 26611 27415 24947 24947 24061 24839 24839 25663 23951 24784 24784 24838 22156 22156 22142 24811 24811 25678 24852 23078 23078 23079 26476 26476 28792 29512 28049 28049 23951 24811 24811 27285 28049 28049 28036 26476 26490 26490 23188 22320 22320 22280 24892 24892 24905 24918 24060 24060 22293 21394 21394 24060 24918 24918 25744 24918 24061 24061 22294 23163 23163 24048
