BASIN_DATA/DATA/7339001/morph_cr2soil/soil_class_horizon_01.asc
NCOLS 384 
NROWS 512 
XLLCORNER -72.75 
YLLCORNER -36.5 
CELLSIZE 0.001953125 
NODATA_value -2147483647 
[rows 238 to 271 of 512, columns 154 to 230 of 384]
26504 26504 21366 20491 20491 18557 19459 19474 19474 23188 18472 18472 19446 26572 26572 21381 21380 23188 23188 22294 22307 22307 24060 24060 20396 20396 23176 23176 23176 21381 24918 24918 26572 20409 20408 20408 20423 22281 22281 17498 18529 18529 24987 23269 18616 18616 19617 22416 22416 16709 14799 15752 15752 14784 19730 19730 14799 15784 15784 13777 12759 13776 13776 15737 15737 15737 13744 17735 15769 15769 13828 13759 13759 12757 12758 12758 10668
22223 22223 25771 20476 20476 18571 18487 19446 19446 22266 18456 18456 20396 28871 28871 28871 21352 22293 22293 22293 23176 23176 24047 27351 20396 20396 23176 23176 23176 25772 28142 28142 27391 20408 19459 19459 18500 24905 24905 24061 20436 18529 18529 14597 16618 16618 14659 16679 16679 23376 24307 15768 15768 19730 14814 14814 18760 15798 15798 12775 13794 15753 15753 19702 21588 15737 13744 17735 15769 15769 13828 13776 13776 18731 12758 12758 10669
21421 21421 20490 19572 19572 18529 18487 19460 19460 19430 21325 21325 20366 20367 22225 22225 21324 22265 22293 22293 23176 23176 24047 27351 26571 26571 21353 22281 22281 21353 25745 25745 21366 21364 19428 19428 21365 17455 17455 16498 18501 15537 15537 16602 17616 17616 17646 15658 15658 13759 19730 24295 24295 14799 13776 13776 13776 14799 9784 9784 13794 15753 15753 19702 21588 21588 24272 15769 16785 16785 17779 15768 15768 17749 13776 13776 13776
20531 20531 18586 18529 18529 18514 19474 25758 25758 19459 19416 19416 20352 20367 22225 22225 21324 22265 22265 22280 24020 24020 26545 25705 22253 22253 21367 21366 21366 20379 27350 20420 20420 19401 23161 23161 26570 16482 16482 20409 24073 22321 22321 25851 26705 26705 17676 16709 15752 15752 14783 16768 16768 15768 13776 13776 13776 14799 9784 9784 17779 12759 12759 13744 13743 13743 12741 12775 11774 11774 11757 13758 13758 11741 13776 12790 12790
19543 19543 18515 24947 18514 18514 19488 27403 25758 19459 19416 19416 20352 23993 21311 21311 22226 22266 22266 22266 24880 26545 26545 26532 22226 22226 21323 21296 21296 20365 20435 20434 20434 20420 25783 25783 26584 17440 17440 18485 16541 18543 18543 17601 15643 15643 16679 15721 14768 15752 14783 16768 16768 15768 12741 12741 13775 13793 12774 12774 24319 8748 8748 12723 13743 12774 12774 13776 12757 12757 13776 13759 13759 12740 12758 13776 13776
19543 19543 18515 24947 18514 18514 19488 27403 27403 19488 20381 20381 20352 20338 21284 21284 28103 23150 23150 22253 23106 21327 21327 22225 26557 26557 21296 19401 19401 21323 27414 26557 26557 23148 26597 26597 21310 19415 16482 16482 16526 17555 17555 17601 15643 15643 16679 15721 14768 14768 15767 13759 13759 14784 12773 12773 13793 16783 12758 12758 14799 13776 13776 12758 14784 13775 13775 15752 12774 12774 11757 15768 15768 14768 12703 12758 12758
19543 19543 20448 24931 18515 18515 18501 18501 18501 19474 20380 24839 24839 20338 24839 24839 22197 26518 26518 22184 22197 23120 23120 21323 24904 24904 22263 25756 26584 26584 21339 20380 20380 19415 22238 22238 17439 20394 16482 16482 16526 17555 17555 15581 15643 15643 23364 16783 14783 14783 13758 15752 15752 21628 21642 13810 13810 22560 12773 12773 12774 13793 13793 15783 14799 13792 13792 12774 12790 12790 22536 23440 12758 12758 12741 15752 15752
23162 20463 20463 19459 24905 24905 25730 19445 19445 19431 20366 22183 22183 19375 21269 21269 24825 25678 25678 21271 22183 22197 22197 24019 25730 25730 25717 26583 20395 20395 22224 21297 20380 19415 22238 22238 17439 20394 16496 16496 22333 16556 16556 15581 16664 15720 15720 18746 18746 18746 18746 21614 21614 14814 17808 23402 23402 13759 10752 10752 10752 12758 12758 14784 14768 16768 16768 15769 14800 14800 11775 10754 10769 12758 12741 15752 15752
23991 17497 17497 18456 18456 18456 20409 19417 19417 26505 21257 21269 21269 22157 19376 19376 21270 22213 23077 23077 23963 23064 23064 22196 23104 23104 21296 26583 20395 20395 22224 21297 21297 18415 19388 19388 17467 17468 16540 16540 15566 16601 16601 13624 15673 14799 14799 15798 13793 13793 17778 13793 13793 15783 13827 15752 15752 13759 10736 10736 11741 13759 17734 17734 17763 19701 19701 16754 14800 14800 11775 10754 10769 10769 13775 13776 13776
19459 17426 17426 24838 19417 19417 18456 19388 19388 20310 26476 25635 25635 23923 23992 23992 22251 24032 23105 23105 25691 23064 23064 22196 23104 23104 21296 26517 20379 20379 20395 20421 20421 19515 19515 20504 20504 16601 16648 16648 22428 23321 23321 16664 14736 18760 18760 24295 19744 19744 16796 16797 17808 17808 11774 15752 15752 14752 14768 14768 15783 16754 17734 17734 17763 19701 19701 16754 12759 12759 12775 13793 11774 11774 12774 18746 18746
18372 16385 16385 15397 17399 17399 18373 20309 20309 20309 23976 24810 24810 21242 23136 23136 22251 24032 23105 23105 25691 25690 25690 23963 21322 19458 19458 19458 20461 20461 19529 21449 21449 20505 23254 25011 25011 23281 23307 23307 23308 17646 17646 15658 15783 15783 15783 18760 18760 18760 20685 12805 12805 12805 16797 11774 11774 14752 14768 14768 15783 16754 21601 21601 9751 11757 11757 17763 15753 15784 15784 14799 11774 11774 14799 19744 19744
14364 23922 23922 15355 14391 14391 17373 19360 22182 22182 23976 24810 24810 21242 23136 23136 24878 23077 22169 22169 24810 24851 24851 22181 22238 20406 20406 19473 19516 19516 19515 20517 20517 25835 24998 24985 24985 22361 14628 14628 14643 15658 16709 16709 16754 15752 15752 17778 16782 16782 13826 12805 12805 12805 16797 11774 11774 13759 19701 19701 11741 11756 22509 22509 11724 13759 13759 12741 17749 13744 13744 14752 12722 12722 24295 23428 23428
24768 24782 24782 15354 23950 14391 17373 19360 22182 22182 23936 21242 21242 23091 23135 22196 22196 22183 23077 23077 23990 24823 24823 23975 22196 19429 19429 19388 24019 24019 26544 20422 19487 19487 18529 18543 18543 16587 15612 15612 15643 18645 13776 13776 17763 16783 15752 17778 16782 16782 13826 11791 14829 14829 21601 11757 11757 14799 12757 13759 13759 13743 10736 10736 9751 11757 11757 12758 14752 16725 16725 16709 15720 15720 17763 13794 16768
24768 24782 24782 15354 23950 24824 24824 25649 22155 22155 21296 22198 22198 24019 23077 23077 23077 22182 22210 22210 22263 22237 22237 23975 21295 21323 21323 27363 26570 26570 22224 19401 19487 19487 18601 17616 17616 16617 24193 24193 16680 18645 13776 13776 17763 16783 16783 18774 23452 11706 11706 14814 21601 21601 23389 13743 13743 11741 9768 10752 10752 13743 15736 15736 12741 11724 11724 14752 24259 22468 22468 12703 12741 12741 11773 14783 14784
15354 23922 23922 24757 17359 18358 18358 19346 20308 20308 20309 25690 25690 24837 23976 23120 23120 23135 23174 23174 22237 23077 21323 21323 21310 26570 26570 24085 21338 21338 20351 19388 21367 21367 20519 17616 17616 16617 24193 24193 16680 14691 14784 14784 22522 22547 22547 14814 20713 14829 14829 19773 13776 13776 11740 19687 19687 21587 10720 15768 15768 12741 24271 24271 21573 22481 22481 22481 9735 11707 11707 16754 11741 11741 11756 12740 14784
16356 22142 22142 16357 19346 18372 18372 20394 19430 19430 21284 21282 21282 23076 25704 23135 23135 23135 23134 23134 24004 22210 22238 22238 21310 26544 26544 24191 25744 25744 20351 19388 21367 21367 20519 19572 19572 17646 15643 21493 21493 14691 19687 19687 22522 14721 14721 13842 23465 23452 23452 14813 11756 11756 11741 13743 13743 20644 13743 12722 12722 13759 14736 14736 16724 12703 13743 13743 10752 11756 11756 16754 11741 11741 11756 12740 14767
22154 23051 23051 18357 24796 19347 19347 24824 24837 24837 21269 23092 23077 23077 26517 23976 23976 21268 23064 23064 22195 20378 21379 21379 21310 26544 26544 24191 25744 26517 26517 23105 19431 19431 20533 18600 18600 17631 22388 21492 21492 21560 23389 23389 14752 15783 15783 17808 22572 22548 22548 13792 11756 11756 15752 13743 17734 17734 25965 19687 19687 12703 10720 10720 10720 12703 13743 13743 10752 11756 11756 11741 12741 13759 13759 19672 16723
16411 15395 15409 15409 15410 17412 17412 18386 23051 23051 25649 25649 23104 23104 21267 22224 22224 18455 20407 23064 22195 20378 21379 21379 25704 21338 21338 21338 26532 20367 20367 22224 20409 20409 19530 18585 18585 18601 19558 23309 23309 20630 15752 15752 14768 14798 13842 13842 15830 16797 16797 11757 12757 12757 10736 12722 22509 22509 23389 17734 19687 12703 10720 10720 10720 9752 11774 11774 11774 14767 14767 16739 14768 13759 13759 23375 12741
24824 16411 15450 15450 16384 16400 16400 18415 22155 22155 24837 24836 22167 23104 21267 22224 22224 18455 20407 19458 19458 19444 19444 19444 20350 19472 19472 20447 19401 18428 18428 18499 18501 18501 18543 18616 18616 16618 15596 15673 15673 15705 14784 14784 15768 14784 12789 12789 12790 15768 15768 16739 11723 11723 10736 12722 22509 22509 23389 17734 17734 15705 11724 12758 12758 11757 11757 11757 11774 16754 16754 23402 22508 11740 11740 17748 14783
24823 15396 15423 15423 13388 16411 16411 20322 22155 24837 24837 24836 22167 22167 22195 25703 25703 20395 24929 19514 19514 19528 19485 19485 18441 25743 25743 25783 19402 19473 19473 18499 18529 18529 24972 21464 19572 19572 17601 22429 22429 21560 16709 16709 17749 15768 13810 13810 14814 15768 15768 16739 11723 12721 12721 12722 25129 25129 11741 10719 10719 10720 11741 11756 11756 16797 13793 13793 12757 13759 13759 14767 12740 12740 12740 13775 15782
25677 16412 15423 15423 13388 16411 16411 20322 21242 22196 22196 23090 23091 23091 22251 23120 23120 25756 24945 23213 23213 18585 19584 19584 24072 25795 20407 20407 19429 17553 17553 20434 24086 24086 24960 21436 18616 18616 18717 16618 16618 23363 20603 16709 17749 15768 13810 13810 14814 14752 14752 20603 12685 14752 14752 21573 23389 23389 13759 11741 11741 14768 12703 12722 12722 13793 11773 11773 14784 14767 16753 16753 11756 13758 13758 15798 24307
25677 16412 14446 14446 14403 15409 15409 16398 23976 20294 20294 23091 18427 18427 24072 21338 19387 19387 18486 22347 22347 18599 21490 21490 21419 18527 18527 18527 18485 18499 18499 24945 24085 24085 20449 18571 18746 18746 18717 16618 16618 23363 20603 15705 15705 17763 13793 13793 14799 12741 12741 13709 13725 21601 21601 25129 13743 13743 12758 24283 24283 23402 21587 14736 14736 12722 12789 12789 13792 22508 25140 25140 12757 10752 10752 16782 12773
24851 15464 16442 16442 15396 23963 23963 21268 19332 22155 22155 19386 19388 19388 20420 19458 19401 19401 17439 18427 18427 18455 18513 18513 18527 18555 17539 17539 24917 21393 21393 20421 24085 20449 20449 18571 18746 18746 18746 16679 16679 17706 18689 15736 15736 14752 13776 13776 13776 17763 17763 12758 11741 13725 13725 15720 13725 13725 11724 10720 13743 13743 15736 10703 10703 9735 12722 12722 13826 10752 13793 13793 10784 12789 10752 16782 12773
24005 16469 14460 14460 15355 18373 22251 22251 21296 22196 22196 21296 19387 19387 21323 24904 19401 19401 19402 20380 20380 25717 19458 19458 21462 24945 25796 17539 24917 21393 21393 20421 18528 18570 18570 19617 18746 18746 17749 15720 15720 19673 15720 23349 23349 15705 13743 13743 19701 20658 10769 10769 11774 11757 11757 13776 14784 14784 13776 11757 11741 11741 21587 21573 21573 17706 18703 18703 13826 10752 13793 13793 10784 12789 12789 15782 11774
17482 14460 15408 15408 23078 22155 20322 20322 20309 20350 20350 20350 19401 19401 19401 25716 24878 24878 21338 25718 25718 25717 19458 21462 21462 24945 25796 25796 24945 18485 18485 18541 18568 19601 19601 19715 18731 18731 17734 18717 18717 17706 16708 18674 18674 21546 14736 14736 13776 12789 17793 17793 14844 13842 13842 14843 11838 11838 13842 13827 19744 19744 16754 21573 21573 17706 18703 11774 11774 10784 12789 12789 10784 19714 19714 9784 13792
15493 14459 23976 23976 23950 17398 17385 17385 20351 22224 22224 18400 20379 24032 24032 24891 24878 24878 21338 25718 25718 25717 19445 19529 19529 18513 23200 23200 22319 17554 17554 17585 19584 18703 18703 21573 18704 18704 19688 19673 16739 16739 20616 21546 21546 14706 16739 16739 13810 13809 14844 14844 22560 20713 20713 13827 14843 13842 13842 13827 19744 19744 16754 13725 13725 21573 13743 12790 12790 23428 21601 21601 9752 12722 12722 11723 19701
15523 21353 19387 19387 14460 14446 22211 22211 16426 19388 19388 18400 20379 24032 24032 24891 21310 21310 24917 25704 25704 19417 19417 18555 18555 18541 20447 20447 22347 18600 18644 18644 18716 19673 19673 22468 19673 19673 18717 17720 18689 18689 21560 16694 16694 13725 13776 13776 14799 16783 14829 14829 22560 20713 20713 13827 14843 11837 11837 11837 11808 11808 13810 11792 11792 12790 8848 13793 13793 10753 9735 9735 12721 9734 17720 17720 16724
13524 13478 14520 15493 15493 14446 22211 22211 16426 19388 19388 20365 25717 20379 20379 20350 18413 18413 22223 24878 21323 21323 18456 19515 19515 18585 17600 17600 17614 19601 21586 21586 18717 20644 20644 17587 18659 18659 21587 23376 16724 16724 14736 13759 13759 17749 13776 14799 14799 16783 14829 14829 13810 23428 23428 15814 15814 14860 14860 13857 11808 11808 15798 11791 11791 15813 15798 11773 11773 10736 11724 11724 10720 11724 16724 16724 9719
13524 13478 14520 15493 15493 13446 14460 14460 19402 19401 19401 22211 24904 18413 18413 19401 18441 18441 19386 20378 18442 18442 24958 24999 24999 23294 17615 17615 20590 17720 18703 18703 18731 18586 18586 18543 18717 20630 20630 15736 18703 16724 14736 13759 13759 17749 18746 14784 14784 22509 15768 15768 10769 22536 22536 15814 16797 10820 10820 12822 24332 24332 21655 20713 17823 17823 16783 12774 12774 9784 11757 11757 12741 10720 10703 10703 8748
12491 13493 13477 13419 13419 21323 15436 15436 19388 21296 22264 22264 25730 24865 24865 25704 19387 19387 21393 17496 16511 16511 17554 17570 17570 17586 15643 15643 21573 17720 19686 19686 15643 15552 15552 18543 18717 20630 20630 15736 18703 18703 18717 22495 22495 15752 12758 12758 12758 13776 15768 15768 11792 10802 12805 12805 12806 16828 16828 15830 20713 20713 11838 12838 12790 12790 22548 19730 19730 10769 15767 15767 10753 19715 10736 10736 8748
14520 14520 21353 16485 16485 16426 14431 14431 24851 24904 19387 19387 20365 19415 19415 18471 17511 17511 16554 15550 15610 15610 15594 16618 16618 15628 13693 13709 13709 15736 19686 19686 15643 15552 15552 15596 16724 17720 17720 23363 22481 22481 18717 13743 13743 15736 13759 12774 12774 11757 18731 18731 14784 12790 11808 11808 11823 10819 10819 19758 20713 20713 14860 12838 10802 10802 9800 11792 11792 10768 9766 10753 10753 19715 10736 10736 9752
15537 15537 15480 14491 14491 13417 19386 19386 24865 19416 18428 18428 24878 16454 16454 15492 15550 23267 23267 23268 16585 16585 13558 14643 16618 15628 13693 13709 13709 15736 15705 15705 17571 19631 19631 17720 15690 23376 23376 14736 15736 15736 14752 14721 15690 15690 18674 13743 13743 12741 13759 13759 13759 13793 11823 11823 11822 11822 11822 22560 19758 19758 11838 9884 11823 10802 9800 11792 11792 10768 9766 10735 10735 8780 7764 7764 11739
13509 13509 14461 14491 14491 23149 23187 23187 13431 15435 16454 16454 21338 15493 15493 15492 14579 17569 17569 23268 16585 16585 13558 14643 14643 14736 14752 13743 13743 14751 14721 14721 18645 21587 17706 17706 15720 14736 14736 15720 14752 14752 15705 20603 14706 14706 19631 13693 13693 13743 13759 13759 16754 10769 12806 12806 11808 11808 11808 19758 19758 11838 11838 9884 11823 11823 8849 9817 9817 8813 11755 10752 10752 10753 8763 8763 10735
16527 16527 23121 23188 23188 20448 12413 12413 12413 15463 14533 14533 17511 15493 15493 15492 14579 17569 17569 13556 14597 14597 15612 13709 13709 19674 21587 15768 15768 14767 14736 14736 15720 18703 14752 14752 15736 15720 15720 15720 16739 16739 20630 23363 19631 19631 19617 13676 13676 12703 17749 24283 24283 20686 12806 12806 11808 11808 11808 19758 10835 11854 11854 9851 10803 10803 17808 19742 19742 19728 13792 19714 19714 9767 9750 9750 20670
