BASIN_DATA/DATA/7339001/morph_cr2soil/soil_class_horizon_04.asc
NCOLS 384 
NROWS 512 
XLLCORNER -72.75 
YLLCORNER -36.5 
CELLSIZE 0.001953125 
NODATA_value -2147483647 
[rows 374 to 407 of 512, columns 231 to 307 of 384]
14581 16572 16572 20492 21423 21423 22308 14520 14520 19502 17513 20449 20449 16512 17441 17441 16527 18515 19418 19418 21340 21326 21326 21326 21312 21312 21299 20353 21285 21285 21299 16428 16428 21270 23939 23939 24799 23939 23953 23953 23979 23939 23939 23966 23123 23123 26492 26476 27285 27285 24878 26557 26557 25717 25704 25704 24824 24810 24005 24005 24879 24866 24866 25678 27231 24784 24784 23066 21270 21270 21216 23025 23025 21216 20269 20242 20242
20477 23216 23216 17571 20492 20492 22336 17541 20436 20436 22281 22226 22226 18415 21325 21325 18428 15508 13447 13447 19417 22253 22253 19390 19362 21312 21299 20353 21285 21285 21299 18388 18388 22170 23952 23952 25637 25652 24839 24839 24839 24839 24839 23994 23965 23965 27286 23964 24879 24879 24020 26531 26531 26517 25690 24851 24851 24020 24892 24892 26545 26517 26517 28765 25635 23897 23897 27244 21270 21270 21216 23025 23025 21216 21216 21202 21202
22349 24114 24114 24973 21422 21422 22335 20449 20423 20423 21312 19417 19417 20368 19389 19389 19417 20381 20367 20367 19417 22253 22253 19390 19362 19362 22171 23953 22171 22171 21258 22171 22171 22171 25637 24813 24813 23952 23993 23993 25706 24007 24007 24867 24020 24879 24879 24879 24866 24866 24878 25717 25717 28804 24851 26504 26504 27324 27324 27324 27324 26517 26517 28765 25635 23897 23897 27244 23038 23038 22130 22116 22116 23026 21216 20242 20242
22349 23242 23242 24115 21408 21408 21437 20463 20409 20409 19377 19376 19376 21312 19389 19389 19417 20381 20367 20367 16455 23107 23107 22184 23066 21243 21243 21258 22171 22171 23067 23067 23067 23053 23925 24799 24799 25679 24879 24879 26546 24880 24880 24878 24878 24879 24879 24019 24878 24878 24878 23991 23991 29525 28817 26504 26504 27324 27324 27324 27324 28074 28074 24825 23963 23923 23923 23924 20280 20280 20269 20269 21202 21202 21188 20242 20242
23255 21436 21436 22335 22336 22336 21422 23176 21312 20409 19377 19376 19376 21312 22198 18443 18443 18457 20382 20382 16442 19389 19389 23080 22157 23066 23066 21258 22213 22213 22170 23039 23039 23938 24786 24785 24785 24853 24866 24866 25717 28856 28856 25717 24878 26531 26531 25703 28114 28114 24878 23991 23991 29525 28817 26504 26504 28088 29511 29511 28830 26491 24825 24825 23093 22198 22198 23978 23039 23039 23010 21202 19305 19305 20242 22130 22130
23242 22335 22335 22335 22336 21422 21422 23176 21312 21312 19362 20323 20323 18401 19375 21325 21325 24034 23123 23123 18415 20338 20338 22184 22170 22184 22184 22214 25679 25679 23079 23939 23939 23952 23924 23953 23953 23978 24866 24866 26531 26517 27323 27323 26530 26531 26531 25703 28114 28114 26448 25634 25662 25662 26490 25661 25661 24811 25678 25678 28035 27312 23965 23965 23978 24007 24007 26476 22130 22130 22102 22116 21202 21202 17332 22144 22144
23242 22335 22335 22335 27455 24101 24101 20436 20352 20352 23965 23978 23978 19376 19376 17455 17455 22226 21340 21340 22226 22213 22213 22199 20338 22198 22198 23108 24853 24853 29541 24812 22157 22157 23938 23952 23952 23937 23106 24866 26531 26517 27323 27323 26530 25703 25703 28829 27298 27298 26503 24850 30221 30221 28830 26490 26490 24824 24824 24824 28843 26490 23065 23065 22240 24839 24839 28037 23065 23065 22115 22143 22157 22157 23025 21230 21230
24987 27455 27455 31040 23242 22349 22349 23215 21381 21381 20352 19461 19461 20424 20424 17513 17513 18500 20423 20423 21354 22266 23137 23137 28076 28050 28050 29541 30223 30223 32051 24812 23924 23924 23938 23952 23952 23937 23106 23106 23977 24851 25690 25690 27310 30923 30923 27298 27311 27311 25662 23976 27298 27298 26517 25649 25649 23936 24810 28843 28843 30861 27285 27285 26436 25624 25624 25636 23952 22144 22144 21230 21230 21230 21188 21202 21202
24987 22349 22349 23242 27455 21450 21450 20477 24075 24075 20367 18487 21367 21367 23176 19460 19460 18487 21353 21353 20396 22266 20382 20382 22171 23939 23939 23978 30223 30223 32051 24812 23924 23924 23938 23952 23952 23964 24852 24852 24851 24851 25690 25690 27324 28060 28060 27311 25662 24810 24810 23991 25661 25661 29538 26474 26474 23921 24810 28830 28830 30875 25651 25651 26410 29488 29488 25651 23067 21230 21230 21230 21230 21230 21188 21202 21202
24128 19502 21436 21436 21436 24114 24114 22321 23189 23189 19389 19390 21312 21312 24881 21353 21353 20396 21312 21312 22240 22226 23093 20382 22171 23939 23939 23978 24839 24839 27244 26422 23040 23040 23066 23991 23991 24851 23991 24851 24851 26516 27323 27323 29525 26490 26490 27271 24795 23950 23950 24005 27311 27311 26490 24796 24796 23950 27996 29511 29511 27285 25610 25610 25599 29488 29488 25651 23067 21230 21230 23010 22997 22997 22103 21174 21174
26600 23215 22335 22335 24114 24128 24128 24960 25772 25772 23093 23107 23123 23123 21326 24008 24008 20396 21312 21312 22240 22226 23093 23093 22184 22184 22184 23107 23993 23965 23965 28741 23911 23911 23993 24852 24852 24865 24851 25689 25689 29538 28034 28034 27284 25622 25622 24769 23922 24851 24851 28856 28060 28060 26461 23950 23950 23936 23951 29511 29511 27285 25610 25610 25599 29500 26477 26477 28754 27998 27998 23010 23010 23010 22103 22103 22117
23242 24948 24114 24114 22349 24128 24128 26625 24853 24826 24826 21285 23123 23123 21326 24008 24008 24021 22226 24008 24008 24007 23965 23965 23093 22198 22198 22213 23137 23079 23079 27245 23965 23965 23122 24866 24866 25690 25690 26516 26516 27283 26474 26474 24796 24783 24783 24796 23950 25677 25677 27284 27298 28060 26461 23950 23936 23936 23951 24796 24796 24812 25650 25650 27286 27286 23952 23952 23911 22116 22116 23898 23885 23885 22997 19280 19293
22335 20505 24128 24128 17555 18557 24128 26625 24853 24826 24826 21285 22213 22213 23108 23123 23123 23993 23993 23107 23107 23122 24007 24007 23993 23150 23150 23122 24007 23993 23993 23938 23993 23993 24867 24852 24852 25690 25690 28791 28791 28047 24810 24810 24796 24796 23935 24796 23950 25677 25677 27284 27298 27298 27283 24796 23936 23936 23064 23897 23897 23965 23093 23093 26450 29477 27273 27273 23025 22116 22116 22997 24759 24759 23885 19280 18333
22349 20505 24128 24128 17555 18557 18557 22309 19474 18415 18415 16456 20382 20382 19418 21340 21340 24021 24022 25719 25719 26519 23122 23122 23122 24007 24007 23122 24008 24853 24853 24839 24007 24007 24865 25690 24865 24865 25634 29539 29539 26461 24810 24810 24796 24796 23935 23935 24795 23922 23922 24783 23922 23922 23950 25623 30186 30186 24824 27231 27231 23952 21298 21298 29526 31466 26464 26464 22170 22144 22144 23010 22130 21188 21188 21216 18333
22349 24987 23242 23242 22349 21436 21436 21408 23176 19403 19403 21368 23177 23177 22282 21353 23137 23137 24867 24853 24853 25679 28074 28074 23135 23120 23120 23120 23993 24866 24866 24866 25705 25705 25690 23991 24865 24865 25634 29539 29539 26461 24783 24783 27996 25622 23922 23922 23937 23951 23951 23065 23024 23024 26463 26504 25691 25691 27311 23951 23951 23924 22144 22157 22157 26477 22157 22157 21216 22131 22131 19321 18333 23025 23025 21202 21202
24128 21450 24987 24987 24141 24129 21422 21422 23202 20368 20368 17513 20424 20424 23164 22282 24021 24021 24853 27300 27300 23977 22211 22211 25704 24851 25677 25677 25690 24851 24851 24866 25705 25705 25690 23991 26490 26490 28816 26517 26517 24796 23976 23976 24851 25634 23923 23923 23078 23092 23092 23121 23106 23992 23992 25690 31523 31523 29525 27286 27286 26450 22144 20282 20282 22184 20269 20269 19321 20297 20297 21258 21231 21174 23025 21202 21202
27469 24141 24141 24141 24128 25838 24973 24973 22309 24075 24075 20449 21381 21381 24075 24933 23137 23137 24853 25679 25679 28817 25677 25677 27324 29566 25677 25677 25690 24851 24851 25690 30234 28843 28843 30874 28817 28817 26504 24824 24824 24851 25704 27298 27298 25634 23937 23937 24006 24006 24006 24866 26517 25705 25705 27272 30850 30850 26477 27286 27286 23965 22131 20282 20282 19334 21257 21257 19321 20297 20297 21258 21231 21174 21174 19267 19293
24141 22375 23254 23254 24142 25013 24114 24114 24101 24087 24087 24102 22294 22294 24087 24061 24007 24007 25680 28075 25679 28817 25677 27324 27324 29566 27298 27298 29539 25677 25677 25662 27324 26504 26504 25704 24837 24837 24824 23105 23105 25689 25689 24811 24811 24810 24866 24866 26531 30257 30257 27312 30839 31466 31466 28023 26477 26477 26477 23066 23066 23039 22131 20282 20282 19334 21257 21257 22145 22144 23054 23054 22131 20243 20243 19267 21188
20491 24999 22361 22361 25837 22362 22350 22350 24973 24960 24960 24947 24933 24075 24075 24061 24007 24007 25680 28075 28075 27284 23976 25678 25678 25662 29525 29525 26504 27311 27311 25677 26491 26475 26475 24796 24795 24795 24851 25661 25661 25649 24824 25677 25677 25690 25677 25677 27257 30198 30198 26476 26477 26477 26477 27286 26477 26477 26477 23066 23039 23039 25624 23053 23053 22184 23067 23067 23952 23025 22131 22131 23010 21174 21174 21174 21188
27454 21448 24999 23254 23254 26652 26638 26638 25798 24960 24960 24947 24933 24075 24075 25745 28832 28832 30236 27285 27285 23092 26504 27311 27311 26490 27298 27298 25662 24824 24824 24824 23964 23936 23936 24783 23976 23976 25690 24810 28830 28830 30244 27323 27323 25649 27298 27298 27299 26491 26476 26476 26477 26477 26477 27286 27286 27286 24812 23079 21230 21230 22171 23965 23965 26477 24813 24813 24798 27245 22997 22997 21202 23010 23010 19267 22116
22347 21434 22360 21448 23254 26652 26638 26638 25798 25798 25798 25798 24961 24932 24932 24880 28076 28076 24826 22184 22184 23106 25677 25650 25650 26490 28074 28074 24811 23936 23936 23936 23950 23951 23951 23976 23991 23991 28061 29538 28060 28060 25648 26504 26504 25649 27298 27298 27299 26491 26464 26464 23952 23952 23952 24812 23965 23965 23093 22198 22170 22170 23094 25664 25664 29500 24839 24839 24798 31432 23911 23911 23010 20255 20255 17346 21203
22347 21434 22360 21448 21448 22360 22349 22349 21422 24114 24114 24101 23202 24932 24932 24048 21298 21298 21298 20367 21298 21298 22197 23092 23092 27271 24796 24796 23052 23937 23106 23106 24005 23991 23991 23992 24837 24837 28816 29538 28060 28060 25648 26504 26504 26517 25677 25677 27285 25635 23924 23924 23939 23080 23080 23079 23079 23079 22157 25624 23093 23093 26477 25665 25665 30176 32621 31467 31467 25599 23911 23911 20269 20269 20269 19306 21203
22347 22347 19528 18569 18569 16569 15581 15581 15567 14581 16556 16556 18529 22294 22294 24048 24880 24880 24007 24007 22253 22253 25706 22213 22213 24796 23053 23053 26506 23106 23992 23992 25677 25690 23991 23992 24837 24837 28816 28803 26490 26490 23963 26504 26504 25690 25662 27271 27271 25623 24812 24812 23952 23080 23080 22213 23094 22157 22157 22171 26492 26492 27286 32074 32074 32051 25624 26464 26464 23938 20282 20282 19362 22157 22157 20282 20256
17569 17569 18555 19514 19514 19528 22335 22335 20477 21408 21408 21408 21422 20436 20436 23163 23122 23122 23993 24839 23978 23978 23079 22212 22212 25664 22213 22213 26506 23106 23992 23992 25677 25690 25690 24852 25677 26490 26490 27297 26490 26490 24810 25649 25649 26475 27284 24784 24784 24797 23066 23066 23066 22157 22157 25599 25611 23039 23039 26478 26464 26464 31443 32642 32642 27273 23952 23924 23924 22130 22170 20282 19362 22157 22157 20282 20256
23240 23240 19514 14579 14579 17553 18529 18529 21408 23163 24087 24087 23202 22281 22281 21340 22226 24853 24853 26505 28831 28831 24839 22212 22212 25664 22213 23993 23993 23093 25679 25679 25662 28817 28817 24837 23963 29539 29539 26476 26489 26489 26462 24784 24784 25649 24810 24796 24796 24852 27325 27325 24812 23938 23938 24785 23054 22199 22199 23054 25599 25599 30140 27258 27258 27273 23952 23924 23924 22130 22170 22170 22184 21243 21230 21230 22130
20503 20503 17569 20490 20490 16556 15537 22266 22266 24034 25732 25732 25745 23150 23150 21340 22226 24853 24853 26505 28831 28831 24839 23107 23107 23106 23107 24839 24839 24853 23977 23977 31513 28062 28062 25677 25678 24825 24825 25662 26490 26490 25634 23922 23922 25622 24796 23976 23976 32141 27299 27299 26477 24812 23066 23066 23107 23938 23938 23054 25599 25599 30140 27258 24812 24812 23938 23924 23924 23093 23122 23122 29541 23924 22117 22117 22103
21450 21450 21435 17571 17571 19502 19431 21325 21325 24021 26533 26533 25745 23150 23150 21340 22226 21298 21298 23978 29567 29567 30924 24879 24879 24007 25706 25691 25691 28858 28884 28884 28819 26491 26491 24812 23951 26492 26492 27299 27285 27285 23937 23937 23950 23950 23964 23992 23992 26518 30185 30185 26491 24812 23066 23066 23107 23938 23938 23053 26450 26450 23898 26410 25624 25624 23080 21270 21270 22213 31514 31514 33129 32050 23911 23911 25587
23255 23255 24141 18557 18557 18529 22253 21325 21325 24021 26533 26533 28090 24839 24839 21298 23093 23992 23992 21311 23105 23105 24879 27339 25692 25692 26491 26476 26476 26477 26491 26491 27300 26491 24798 24798 23924 24785 24785 25636 28049 28049 26463 24770 23909 23909 30162 30850 23992 26518 30185 30185 26491 23052 23122 23122 23993 23965 23965 23965 31477 31477 32631 30840 24826 24826 22213 23138 23138 22184 26384 26384 26422 24760 22997 22997 20243
22349 23255 24141 18557 18557 18529 22253 23137 23137 23122 25706 25706 27325 25679 21297 21297 21298 23991 23991 23991 24019 24019 24851 28102 26491 26491 23952 23938 23938 24798 26476 26476 27313 26505 25650 25650 23924 23039 23039 24785 27258 27258 26463 24770 23909 23909 30162 30850 30850 27284 27271 27271 27256 25690 25704 25704 25677 26477 26477 23978 26449 24785 24785 23065 22184 22184 22226 24853 24853 25636 26398 22116 22116 21174 19256 19256 20228
22349 22349 24973 18543 19417 19417 21298 23993 23993 24007 24867 24867 24839 26519 23122 23122 23122 23992 23992 23136 24006 24006 24837 30923 25662 25662 24798 23938 23938 23938 23978 23978 24853 26518 23053 23053 23938 23039 23039 24785 27258 27258 26449 24785 24758 24758 24810 23051 23051 23950 26490 28817 28817 31500 32152 32152 28817 26504 26504 26518 30209 27272 27272 23937 22183 22183 25679 28806 28806 26436 25599 23010 23010 23939 22116 22116 21202
23228 23228 22335 22335 20396 20396 22213 24007 24007 28103 29541 29541 26506 30258 28857 28857 25718 24020 24020 24879 24837 24837 28074 30282 25677 25677 24811 23938 23938 23952 23977 24853 24853 26518 23053 23053 23938 22157 22157 23053 24798 27272 27272 24798 23938 23938 24797 23066 23066 23964 23064 26491 26491 28061 30234 30234 26490 30874 30874 32152 30282 28804 28804 23937 25634 25634 28062 30839 30839 30164 23039 21256 21256 23924 22116 22116 21202
22350 22350 25798 24932 19431 19431 22226 27326 27326 30187 25664 25664 24867 32153 31501 31501 31501 30912 30912 29578 26517 28074 28074 25705 26506 26506 24811 23938 23938 23952 23977 30235 30235 30235 25665 25665 23952 23053 23053 22170 23952 24785 24785 23009 23024 23024 25598 22170 22170 22198 23105 25678 25678 26490 26504 26504 23064 26475 26475 27298 27285 24797 24797 24769 22197 22197 28831 28793 30164 30164 23039 21256 21256 23924 22997 22997 22130
23242 23215 23215 24087 19488 19488 20310 23952 23952 23093 24867 24007 24007 30222 27313 27313 23952 23965 23965 23977 26517 28074 28074 25705 26506 26506 24812 23924 23924 23939 23066 24825 24825 29554 27313 27313 25651 23952 23952 22171 21285 25651 25651 26437 23039 23039 25585 22170 22170 23106 24006 25690 25690 30197 26475 26475 23064 25635 24797 24797 23937 23896 24797 24769 22197 22197 28831 28793 25623 25623 24838 25706 25706 28780 23911 23911 22144
24101 23189 23189 28910 24867 24867 20296 22157 22157 23093 24853 32095 32095 24798 23938 27313 23952 23965 23965 23977 24853 27312 27312 26492 25679 25679 24826 24812 24812 23079 22184 22199 22199 26477 28832 28832 27286 23066 21270 21270 23122 28062 28062 27273 23952 23952 23009 25624 23992 23992 25691 28804 28804 30197 24810 24810 23064 25635 24797 24797 23937 23896 23896 23092 24006 24006 28856 24797 23992 23992 24867 28102 28102 28806 23965 23965 23965
