BASIN_DATA/DATA/7339001/morph_cr2soil/soil_class_horizon_01.asc
NCOLS 384 
NROWS 512 
XLLCORNER -72.75 
YLLCORNER -36.5 
CELLSIZE 0.001953125 
NODATA_value -2147483647 
[rows 34 to 67 of 512, columns 154 to 230 of 384]
26489 26434 25610 25610 30174 29498 26583 26583 28895 27323 27323 26474 25596 26368 26368 27921 25533 25533 26395 26368 27188 27188 23908 24795 24795 23934 23881 23881 24756 23909 22969 22969 22969 22075 22075 24730 23896 22969 22969 26394 25661 25661 23088 25607 25595 25595 24850 25716 25716 24876 23133 23133 23961 23935 23933 23933 23048 23048 23048 23061 22153 21239 21239 22166 21239 21239 21213 21212 23035 23035 23021 21212 21212 22126 26432 26432 25646
25677 25623 26420 26418 26418 28751 26543 26543 26543 26461 26461 27255 26381 25559 25559 25583 27944 27944 27945 27958 27945 27945 27958 24730 24730 24743 27241 27282 27282 24795 22969 22969 22969 22075 22075 23896 22969 23843 23843 23962 23973 23973 24821 27296 22126 22126 24782 26461 26461 23133 23119 24809 24809 24729 23919 23919 23961 23061 23061 23049 22153 21253 21253 22166 21253 21253 21252 19316 21184 21184 22140 21212 21212 22126 26432 26432 26432
25662 25623 26434 28764 28764 28751 26419 26419 27241 26420 26420 25621 26434 25583 25583 25558 27163 27163 27176 26435 24768 24768 24719 23844 24730 24743 27241 27282 27282 24795 23037 23037 23883 24731 24731 23036 22993 23869 23869 23961 23088 23088 25620 26488 22992 22992 25620 27254 27254 24876 24016 24849 24849 24794 23947 23947 23934 23961 23961 23961 23062 23063 23063 21253 21240 21253 21252 19316 21184 21184 22140 21212 21212 22125 23034 23906 23906
26434 25609 28023 27255 27255 27255 29485 29485 28008 27995 25597 25597 26434 26381 26381 24692 27934 27934 25558 26435 24768 24768 24719 23844 23844 25585 24729 23881 23881 24717 23883 23883 23883 22994 22141 22141 24755 22981 22981 24795 24794 24794 25632 24808 25647 25647 22112 25595 25595 26473 25715 23934 23934 24794 24794 24794 23948 23063 24808 24808 23062 23063 23063 21253 21240 21240 20292 21239 22154 22154 21226 22166 22166 23948 23062 22166 22166
26448 27255 27255 26461 26461 28777 27256 27256 27242 26408 27970 27970 25608 26381 26381 24692 27934 25558 25558 26434 26447 26447 25623 25610 25610 26382 23842 24717 24717 22967 24705 24705 22968 23908 23034 23034 23894 24742 24742 23920 23921 25606 25606 24767 23034 23034 22979 23005 23005 24754 24794 23062 23062 23867 24794 24794 23948 23063 24808 24808 22153 23062 23062 22166 21253 21253 21253 20306 21240 21240 20293 22154 22154 21239 20306 23880 23880
28777 28777 27270 27270 27270 25621 27256 27256 27242 26408 27970 27970 25608 25570 25570 24704 27958 24756 24756 24768 26447 26447 25609 25609 24718 24718 25559 24716 24716 23842 23842 23842 25595 25633 23880 23880 23853 22099 22099 25607 23907 23841 23841 23842 22980 22980 23921 24781 23881 24754 24794 23062 23062 23867 23948 23948 23934 23050 23021 23021 23049 23920 23920 21226 21226 20292 20292 21239 22167 22167 23063 22154 20277 20277 22139 23907 23907
28022 28022 27270 27270 27270 25621 27256 27256 27242 26421 25609 25609 25621 26395 26395 25648 24782 24782 24782 25583 26395 26395 25570 25608 25621 25621 25607 25544 25544 23842 23854 23854 24794 23906 22927 22927 23828 22940 22940 21143 25557 23933 23933 23842 22980 22980 23921 24781 23881 23881 22954 23868 23868 23907 24767 24767 23907 25619 23920 23920 24767 22140 22140 21198 21184 21212 21212 23049 23035 23035 22140 22126 22139 22139 24767 22979 22979
28022 28022 26434 24795 24795 26447 26447 27242 27242 27215 26395 26395 26407 26395 26395 24767 24796 24769 24769 25570 26381 26381 24756 24769 24795 24795 25569 25545 25545 23854 24703 23894 23894 22954 22915 22915 23816 22047 22940 21143 25557 23933 23933 27268 23035 23035 24794 26488 25621 25621 23907 23920 23920 26447 26460 25632 25632 25660 23934 23934 23934 22140 22140 22140 21226 23948 23948 23920 23007 23007 22087 21197 23920 23920 24767 22992 22992
27255 27255 28022 27255 27255 27256 26448 26462 26462 24808 27229 27229 26419 25633 26395 26395 24743 24743 24743 24705 24692 24692 24718 23868 24718 24718 24717 24705 24705 24704 23881 22112 23894 22954 22915 22915 23816 22047 22967 22967 25619 25632 25632 25620 25632 25632 23948 25648 26473 26473 23934 25632 25632 25647 24808 24808 24808 24794 24794 24794 23076 22153 22153 22153 22153 23935 23935 23920 22980 22980 22153 24780 21211 21211 24767 22992 22992
29511 29511 26449 27244 27244 27256 25609 26447 26447 26474 26474 26474 26474 27270 25633 25633 26368 25545 25545 24692 24679 25520 25520 24705 24691 24691 23831 24705 24705 24704 23881 22112 22112 22967 24678 24678 22047 22954 23035 23035 23933 25647 25647 24822 24821 24821 25647 27269 25595 25595 28020 24781 24781 24781 24755 23920 23920 23907 23021 23021 23050 22166 21253 21253 21226 23035 23035 22140 22980 22980 22153 24780 21211 21211 23894 23933 23933
29497 29497 27270 26448 26448 26448 25622 27256 27256 26434 26447 26447 26474 26474 24795 24795 26380 25570 25570 24730 26368 25520 25520 24705 24691 24691 23831 23830 23830 23843 24717 24794 24794 25620 22966 22966 23842 23035 23919 23919 26460 25675 25675 25659 25631 24794 24794 24808 25632 25632 23935 24781 24781 24794 23907 23894 23894 23907 23006 23006 23021 21213 22140 21253 21226 23035 23035 22140 21226 23920 23920 23920 23906 23906 24755 23118 23118
29511 29511 28791 25622 28034 28034 26475 27270 27270 25609 25608 25608 25661 25676 27242 27242 26380 25570 25570 24730 26368 23830 23830 26355 24692 24692 24706 24719 23829 23829 24755 24781 24781 23907 22061 22061 23005 23920 27269 27269 26488 27269 27269 25620 24766 27242 27242 24767 24767 24767 25607 24755 25607 25607 23006 22967 22967 23907 23006 23006 23021 21213 22140 22140 23934 22126 22126 23035 23021 22113 22113 24835 23989 23989 25676 24004 24044
26461 26461 26462 29497 26461 26461 26462 29539 29539 26474 25608 25661 25661 25676 27242 27242 27176 24730 24730 24809 24705 23843 23843 24705 23830 23830 24706 24731 24692 24692 24718 24782 24782 26446 23866 24793 24793 25647 27296 27296 28046 23948 23948 25607 23906 23893 23893 23893 23006 23006 22967 25581 25607 25607 23006 22967 22967 22993 23006 22140 22140 23920 22126 22126 22099 21253 21253 21239 21254 22195 22195 24822 24849 24849 28087 28882 22210
26489 26489 28034 28791 27243 26461 26462 29539 29539 26474 28034 27242 27242 27255 25633 25633 25558 25558 25558 24730 26381 24692 24692 25533 26355 26355 26354 24720 24795 24795 24719 24795 24795 23893 23894 26446 26446 25660 27296 27296 27254 25621 25621 25620 22980 22979 23893 23893 23006 23006 22967 25581 22992 22992 24717 24717 24717 23006 22954 22073 22073 21157 21198 21198 21213 22113 22113 23049 23063 21198 21198 23007 23062 23062 22209 23147 23133
26489 26489 28034 28791 27243 27243 29510 27297 27297 26503 28830 25621 25621 26474 26530 26530 25676 25633 26461 26461 26503 24743 24743 25545 27162 27162 26356 25649 27270 27270 25621 25633 25633 23920 24780 25607 25607 25646 25595 25595 23920 25621 25620 25620 22980 22979 22979 22060 24768 24768 26433 23006 22073 22073 22993 27214 27214 22140 22112 25557 25557 21226 21157 21157 22140 22127 22113 22113 23007 23021 23021 20264 21198 21198 21170 22209 23118
26489 27283 27283 27337 26490 26490 26517 27310 27310 24768 26407 28008 28008 26489 25648 25648 27310 26489 26474 26474 25648 24809 24809 25621 24767 25648 25648 25648 27297 27297 24795 28021 28021 24767 24767 25607 25607 25646 25595 25595 23920 24717 22967 22967 23842 24678 24678 22966 25607 26447 26447 26418 24767 24767 26433 26395 26395 26418 24756 21184 21184 21266 22181 22181 21170 22126 23022 23022 23006 20251 20251 20278 21198 21184 21184 22061 22153
27298 27310 27310 29553 28791 28791 27270 25583 25596 25596 25621 27323 27323 25648 25633 25633 26490 26489 25661 25661 28073 25621 25621 25632 25648 25633 25633 27270 26489 26489 24795 28021 24767 24767 24767 26472 26472 26488 24766 24766 23893 23829 23816 23816 26342 25532 25532 25581 26446 29461 29461 30801 27994 27994 24767 21198 21198 22126 21212 21198 21198 20224 21198 21198 19289 20278 22126 22126 23006 19316 19316 20278 21198 21184 21184 22061 22153
26489 26475 26475 28074 29566 29566 28009 25608 26421 26421 26461 25633 25633 25633 25633 25633 24809 28114 26543 26543 26516 25621 25621 27270 25648 25633 25633 27270 26489 26489 27270 26461 24768 24768 25608 26502 26502 25702 26460 26460 25620 23906 24717 24717 22047 24717 24717 24767 26406 29472 29472 24754 23021 23021 24766 21184 21226 21226 23920 22140 22140 20251 20265 20265 19302 18315 22126 22126 23006 19316 19316 18343 20251 22112 22112 22099 21170
27297 26475 26475 25662 27284 27284 24769 26408 26396 26396 24757 23935 23935 25677 24823 29524 29524 26503 26503 26543 26516 25621 25621 27270 28034 28751 28751 25661 25677 25677 26516 26489 26447 26447 25620 26542 26542 25728 27309 26432 26432 26406 25607 25607 27241 21211 21211 25620 23893 25646 25646 26445 21212 21212 21183 24781 25595 25595 23075 23934 22140 20251 20265 19302 19302 18315 21226 21226 19302 22153 22153 24781 22194 23103 23103 23920 22125
27324 27324 27324 25649 25633 25633 28765 28021 27230 27230 27243 27283 27283 25677 24823 29524 29524 26503 26503 26503 29524 29510 27255 27255 28738 28764 28764 28061 31544 31544 26473 24794 26461 26461 27241 26515 26515 26472 24755 24755 24755 25583 23881 23881 22099 22139 26459 26459 25702 24863 24863 26473 23020 23020 24767 24781 25595 25595 23075 23934 23934 20305 19358 23074 23074 23934 20306 20306 23049 24003 24003 23103 24877 24044 24044 23146 23133
25633 24783 24783 24795 24795 25634 25634 25648 27230 27230 27243 27283 27283 27297 24836 27336 27336 27310 26530 26530 27336 25661 26489 26489 24756 25621 25621 24877 25648 25648 27215 27230 27202 27202 28817 26516 26516 26447 25595 25557 25557 24742 24742 24742 23907 23034 23907 23907 25715 24863 24863 26473 23020 23020 24767 23989 23961 23961 23104 21321 21321 21307 22209 23089 23089 24016 23118 23118 24003 23133 24045 24045 24124 24969 24969 23172 24030
30886 30221 24783 24795 24795 25634 25634 25648 26474 26474 28790 24823 24823 23990 23975 24850 24850 30245 30944 30944 30294 28113 25703 25703 30243 32117 32117 26503 28764 27242 27242 26419 27243 27243 26419 26435 26435 26435 25596 25583 25583 23880 23867 23867 23907 23034 23907 23907 25715 26542 26542 24808 23894 25607 25607 24889 25781 25781 24070 23146 23146 23102 23974 24849 24849 23988 22180 22180 24875 22276 24057 24057 24030 25701 25701 21321 24110
30886 30221 30221 24796 25649 24796 24796 25634 24809 24809 28803 25677 23936 23936 24836 24864 24864 29600 30256 30256 26516 24837 24837 24837 27269 28751 28751 24809 24782 25633 25633 26448 25621 25621 24768 24769 24769 24769 25596 25583 25583 23880 23867 23867 25569 25606 24849 24849 24901 25728 25728 24848 23020 23880 23880 24070 24096 24096 24969 24111 24956 24956 24944 24943 24943 23185 24889 24889 24003 23133 24030 24030 24084 23211 23211 24109 22317
25650 23950 23950 24005 23078 28022 28022 24824 24795 24795 28803 24810 24809 24809 25648 26530 26530 25742 24850 27297 27297 28751 24756 24756 28738 27229 27229 23882 24743 24809 24809 25704 23922 25621 24768 24769 24769 24769 24756 24744 24744 24729 25559 25559 24730 24755 27335 27335 24044 25741 25741 24901 26502 24848 24848 27386 24969 24969 24983 25741 24929 24929 24915 24956 24956 24889 24003 24003 24957 24969 23224 23224 25782 24070 23211 24109 22317
24918 23991 24824 24824 23963 24796 24796 23936 25633 25633 25649 26474 25676 25676 26544 26557 26557 24850 28060 24809 24809 25621 24756 24756 24756 23881 23881 23882 24743 24809 24809 25704 23922 23922 24769 25609 24769 24769 24769 24768 24768 24823 23882 24755 24755 23989 25702 25702 28202 26649 26649 24943 27360 26595 26595 24057 25768 25768 24016 23075 22166 22166 22237 23104 23104 23090 23990 23172 24957 24969 23224 23224 25782 24070 24070 24955 21377
24059 28140 30245 30245 24824 23936 23936 26474 28035 28035 26462 26474 28855 28855 25716 25677 25677 29524 29511 28021 28021 28764 24756 24756 24756 23881 27229 27229 23868 27242 27242 24797 26491 26491 23937 23050 23023 23023 24769 23920 23920 25728 24863 24849 24849 25728 26609 26609 24125 25807 24097 24097 24110 24124 24124 24943 27347 27347 23049 25620 23022 23022 23036 23104 23104 23090 23990 23172 23172 25781 23134 23134 23119 23061 22152 22152 22152
30257 30270 24825 24825 24837 27298 27298 24797 23936 25634 25634 23962 24836 24836 23950 23937 25677 29524 29511 28021 28021 28764 25608 25608 28751 24755 25596 25596 26434 26434 26434 23922 23910 23022 23022 27325 27351 27351 23989 24044 24044 26555 26582 24928 24928 27413 26516 26516 25661 26555 24071 24071 24069 24902 24902 25754 24849 27347 23049 25620 23022 23022 23036 23050 23050 23077 22211 24031 24031 23062 24808 24808 22181 23133 22166 22166 23919
23135 23149 23992 23992 23991 24866 24866 23963 28061 25662 25662 23962 24836 24836 23950 23937 24810 24810 23936 29485 29485 27242 24782 24782 25648 23990 23990 23990 25635 25622 25622 25608 23023 25597 25597 23950 24891 24891 25754 24902 24902 25768 25741 26517 26517 24836 24768 24768 23907 23974 23198 23198 24069 24902 24902 25754 24849 23034 23034 23906 23006 23006 22128 22142 22142 22142 23991 23186 23186 23089 23920 23920 23919 23172 22249 22249 21225
24837 23120 28804 28804 23977 24866 24866 23963 28061 25662 25662 23120 25649 25649 23923 28765 29475 29475 23964 23976 23976 23975 26557 26557 24836 23950 25634 25634 24795 24796 24796 23908 26420 26420 26420 23909 24019 24019 24863 26582 25701 25701 25647 24782 24782 25608 24768 24768 23907 23974 23198 23198 23199 23117 23117 23934 25619 24781 24781 20250 21197 21197 22099 22994 23008 23008 22211 22279 22279 23961 22993 22993 23919 21363 22236 22236 21225
24837 23120 28804 28804 23977 24917 24917 24930 25718 23092 23092 23964 27271 27271 29497 28764 23007 23007 23910 23051 23051 24004 23964 27242 27242 27255 28035 28035 23921 25622 25622 22115 21186 21186 21186 22113 22127 22127 24782 26473 26502 25701 25647 24782 24782 25608 25596 23035 23035 24794 23990 23990 22250 23090 23090 25632 22112 22992 22992 22085 23005 23005 25570 23856 24757 24757 23136 22264 22264 23049 22993 22993 22126 22262 23933 23933 19330
23922 23977 23991 23991 24020 24046 24891 24891 24851 24851 24851 23964 26476 26476 23937 23037 23936 23936 25621 23921 23921 24756 24756 24781 24781 27242 25633 25633 23937 23050 21215 21215 23008 25584 25584 22113 22127 22127 24782 26473 26502 26502 25716 24002 24002 24003 24767 23854 23854 24755 23035 23035 22154 23035 23035 23894 23866 22993 22993 23881 22993 22993 22114 22088 23023 23023 23951 24033 24033 23035 22112 23034 23034 21239 23933 23933 21238
28035 23121 23120 23120 23136 23093 24810 24810 29553 23051 23051 27286 23951 23951 25651 24798 24796 24796 24769 28791 28791 28060 24756 23895 23895 25677 23950 23950 27254 24769 21215 21215 23008 25584 25584 22995 22115 22115 25596 23935 24877 24877 24044 25807 25807 24045 24017 25632 25632 23948 24781 24781 24781 23894 22126 22126 22140 23021 23021 22099 23035 23035 23049 22087 21185 21185 23037 23910 23910 23907 21212 23034 23034 21239 23933 23933 21238
25622 23121 24046 24046 27311 23963 23951 23951 22156 28805 28805 23065 28063 23965 23965 24826 23977 23977 23937 26460 26460 28047 24768 27255 23895 25677 23950 23950 27254 24769 23910 23910 22128 25598 25598 25583 22995 23867 23867 23036 23961 23961 24044 24983 24983 24083 25768 24915 24915 24915 24902 24902 21265 22180 24030 24030 22152 23893 23893 23006 23035 22086 22086 22126 20239 20239 23037 23910 23910 23907 21212 21184 21184 21198 22125 22125 22165
29539 23149 24033 24033 23120 23052 23038 23038 23066 27286 27286 29512 23053 23066 23066 23936 23951 23951 24795 26460 28047 28047 24768 27255 27255 23882 23908 23908 26419 25634 26409 26409 22114 21201 21201 22101 22995 22994 22994 23921 24018 24018 25715 27465 27398 27398 25674 25646 25646 24030 23172 23172 22236 21266 23049 23049 26460 22166 22166 21198 23035 22086 22086 22126 20239 20239 21186 23867 23867 23868 22969 22100 22100 22112 22153 22153 21336
