BASIN_DATA/DATA/7339001/morph_cr2soil/soil_class_horizon_06.asc
NCOLS 384 
NROWS 512 
XLLCORNER -72.75 
YLLCORNER -36.5 
CELLSIZE 0.001953125 
NODATA_value -2147483647 
[rows 272 to 305 of 512, columns 0 to 76 of 384]
24878 26583 29675 29675 29588 28073 28073 30208 28764 28750 28750 28750 28803 28803 29523 27969 27969 30124 27994 27983 27983 27970 25661 25661 22181 22196 22196 26503 27297 26503 26503 23990 24836 24836 26503 22181 23975 23975 23090 24809 24809 23896 24757 24757 26434 22238 20406 20406 22210 22209 22209 23103 21308 21308 21321 21294 24849 24849 23118 22290 22290 21404 21432 20459 20459 20363 24835 24835 25675 25702 25702 23224 24969 26556 26556 25742 25821
26517 29625 30331 29675 29588 28073 28073 30208 29510 28764 28764 29484 28073 28073 28842 30184 30184 28699 30124 28688 28688 27921 24693 24693 23856 24730 23091 23091 26544 23119 23119 27242 23007 23007 23949 24768 23868 23868 23050 26503 24809 23896 24757 24757 26434 24823 26530 26530 23134 22249 22249 21322 21280 25675 25675 25675 24877 24877 24004 25675 25675 23974 23118 21391 21391 21419 21363 21363 21294 23075 23075 23075 24822 23062 23062 22180 24876
26517 29625 30331 30331 32151 29552 29552 28843 28777 28060 28060 28086 29552 29552 29577 30196 29485 29485 27932 29425 29425 27921 27201 27201 27995 27149 24757 24757 24890 25676 25676 25661 25569 25569 24742 24768 23868 23868 23050 26503 26503 23064 22168 23090 23090 26516 23104 23104 24864 23104 23104 21308 23089 26569 26569 24045 22262 22262 21363 23159 23159 24864 24850 22194 22194 22317 20488 20488 21404 21336 22237 22237 22236 23062 23062 22180 24876
27324 30980 32218 32218 30294 29662 29662 30306 29565 30910 30910 30269 30921 30921 27297 27349 26516 26516 28020 27162 27162 26355 26354 26354 25582 26407 26419 26419 26489 23975 25676 25661 25569 24742 24742 23021 23881 23881 22980 24808 24808 25676 22278 26516 26516 22223 24823 24823 24850 24004 24004 21322 22180 24018 24018 22210 26530 26530 24890 22236 21349 21349 25729 23974 23974 21391 24017 24017 21404 21336 22237 22237 22236 21336 21336 23989 24017
23936 26530 29649 29649 29649 30281 30945 30945 29612 30306 30306 30244 27270 27270 25648 24836 25648 25648 28034 26394 26394 25519 26263 23674 23674 26407 26419 26419 26489 23975 23975 22099 22074 23854 23854 24717 23855 23855 24742 24850 24850 23173 21364 24916 24916 23119 24836 24836 23104 23104 21322 21322 22210 22250 22250 22237 21281 21281 22140 26502 22223 22223 24876 23974 23974 21391 24017 24017 24004 25675 25675 25675 24863 23989 23989 25729 26583
26462 23936 29553 29553 28816 26475 25662 25662 27297 28047 28047 26447 27255 27255 27310 28047 27994 27994 27229 26327 26327 25519 26263 23674 23674 24729 26461 26461 23935 28060 28060 24822 22981 23855 23855 26394 25582 25582 23934 23075 23186 23186 22305 24890 24890 23975 23894 23894 23090 23212 21309 21309 24929 24004 24004 23119 22154 22154 22140 26502 22223 22223 24876 21280 21280 19427 26502 25703 25703 26515 23134 23134 24057 23133 23133 25715 24071
24796 24783 27256 27256 26462 24824 26489 26489 27283 28047 28047 25662 28803 30208 30208 28764 27994 27994 27229 26327 26327 26326 26326 27136 27136 26302 26395 26395 26419 26461 26461 26489 23961 22980 22980 23920 23961 23961 23948 24836 23974 23974 21322 24877 24877 23090 23881 23881 23050 23134 24071 24071 21405 24004 24004 23119 22154 21227 21227 23062 22210 22210 24822 21294 21294 20405 25676 21309 21309 24850 24849 24849 22223 24044 24044 24916 25689
30282 26475 25622 26461 26461 25634 27270 27270 28817 30233 30233 25662 28803 30208 30208 28764 27201 27201 27188 28724 28724 27137 27124 26367 26367 26341 27283 27283 26446 28007 26474 26474 25648 23935 23935 23062 24835 24835 24850 27336 23119 23119 21308 25689 25689 23118 22180 22994 23050 23134 24071 24071 21405 24004 24004 22195 21281 22112 22112 23975 24084 24084 26488 21308 21308 20392 24836 24877 24877 24849 24004 24004 22210 23159 24018 24018 28021
33730 30281 30319 29601 29601 27298 27270 27270 28817 30233 30233 30873 32093 30148 30148 28738 27229 27229 27215 27958 27958 27958 27945 26380 26380 27214 28060 28060 28868 29565 24835 24835 25620 25607 25607 25647 27296 27296 27296 27309 23118 23118 21321 25689 25689 23118 22180 22994 22994 22195 22223 22223 21322 21280 21280 22195 22181 23104 23104 21322 23075 23075 21294 20392 21321 21321 25703 25716 25716 25716 26556 26556 24031 24018 24017 24017 25620
31499 30281 30319 29601 29601 27298 29578 29578 28856 28829 29497 29497 29524 29524 29524 28060 27269 27269 27994 27995 27982 27982 27201 26433 26433 26418 27282 27282 25703 24004 25676 25676 24795 25620 25620 27310 26503 24004 27296 27309 23118 23118 21321 25676 25676 23990 23104 23089 23089 27229 23895 23895 22180 21308 21308 24004 23934 22210 22210 21337 24944 24944 23975 20348 21294 21294 23961 25675 25675 24003 25729 25729 24071 25769 25755 24017 25620
31511 31511 30244 30269 30269 29612 29588 29588 29538 29552 29588 29588 30872 30872 30872 28802 28073 28073 28046 27309 28059 28059 28750 27282 27282 28803 29551 24849 24849 23119 27310 27310 25633 25620 25620 27310 26503 24004 24004 24863 24017 24017 21321 24836 24836 23961 23075 21281 21281 23090 23090 23090 24004 23147 22291 22291 23160 23160 23160 24031 22223 22223 22223 25716 22209 22209 24045 23118 23118 23089 25729 25729 24071 25769 25755 25755 24890
30922 30922 28868 30244 30244 30233 29538 29538 30898 29588 29524 29524 27254 27283 27283 26474 28815 29587 29587 29576 28854 28854 28802 28046 28046 28828 25661 23119 24849 23119 27310 27310 25633 25620 25620 27323 26515 24970 24970 24111 23211 23211 22236 26515 25675 25675 26473 25703 25703 24794 23934 23934 22166 21267 20335 20335 22236 23147 23147 21405 23119 23119 26556 26530 25689 22209 24045 23118 23118 23089 23961 24835 24835 24822 25688 25688 26529
29600 29600 30306 28907 28907 29565 32093 31499 31499 29538 30256 30256 30859 27283 27283 26488 30219 28073 28073 28842 29564 29564 28086 28046 28046 28828 25661 23119 23119 24850 26502 26502 26461 28060 28841 28841 24915 24097 24097 25820 27361 27361 25702 26515 24863 24863 24863 25660 25660 22209 22237 22237 21308 24058 21336 21336 19427 21336 21336 24058 23119 26556 26556 26530 25689 25689 22278 24138 24138 24070 24044 24876 24876 24044 24889 24889 24017
28100 28100 28895 29625 29625 30294 30910 29577 29577 29600 31543 31543 31499 28060 28060 26569 24044 25742 28073 28842 29564 29564 28086 28841 28059 28059 23974 27336 27336 28803 27982 27982 27283 26488 24929 24929 24097 22331 22331 29565 30233 30233 27269 25715 23239 23239 24125 24083 24083 21294 24822 26488 26488 25648 23935 21336 19427 21336 21336 24058 21337 22250 22250 23134 24903 24903 25689 24877 24877 24890 26583 27362 27362 25688 24017 24017 24057
27298 27298 27297 30306 30306 32780 32206 30945 30945 31554 30860 30860 28803 28060 28060 26569 24044 25742 25742 25742 28828 28828 30219 30243 26543 26543 24057 27323 27323 28100 27310 27310 25675 24071 22346 22346 22318 22332 22332 26568 26529 28099 28099 24070 22304 22304 22332 22290 22290 24822 24822 26488 26488 25648 23935 23935 24864 25755 25755 24058 22291 22237 22237 22250 24031 24031 24890 25755 25702 25702 26568 26556 26556 27362 26502 26502 24835
27284 27284 29525 30945 30945 32759 31566 31499 30945 31554 30860 30860 28803 28126 24084 24084 23199 23225 23225 23212 24916 24916 25755 25769 23225 23225 24083 24889 24889 30232 27335 27335 24070 22305 22317 22317 27439 23199 23199 24138 24138 24124 24124 22290 29551 29551 22332 22290 22290 24822 28086 25729 25729 23962 22167 22167 23134 22262 22236 22236 22237 19471 19471 21322 23090 23090 25676 25689 25676 25676 28060 27362 27362 24045 28868 28868 28100
28048 28048 30874 30945 32759 32759 31566 31499 31499 31499 30873 30873 28060 24045 21364 21364 27388 27400 27400 24098 24084 24084 24084 23186 23211 23211 22332 23265 23265 25834 24098 24070 24070 25675 24084 24084 25715 28072 28072 26556 24070 24124 24124 22290 29551 29551 25688 22236 22236 21294 23948 24864 24864 24864 25676 25676 26447 22112 23021 23021 22237 19457 19457 19414 22250 22250 24836 25703 26542 26542 26555 26530 26530 25702 24876 25741 25741
28048 28048 30874 31487 31487 31487 30196 30208 30208 30208 27349 27349 23160 22278 21378 21378 30922 30256 30256 29577 28139 26530 26530 27310 28829 28829 26543 23252 23252 22332 24110 28072 28072 28059 23089 23089 25715 28072 28072 26556 24070 22346 22346 22304 28828 28828 30243 27322 24849 24849 24863 22166 22166 25703 21267 21267 22209 21199 25582 25582 27228 23134 23134 24058 23159 23159 22237 23975 24877 24877 25715 26502 26502 25702 24876 25741 25741
23963 23963 25717 26490 28803 28803 28803 27297 27297 27336 23199 22319 22319 21392 22278 22278 25742 30910 30910 32707 30255 29564 29564 29576 28828 28828 27310 25676 25676 26529 26515 28072 28072 28059 23089 23089 26502 26488 27296 27296 26502 23186 23186 21433 23185 23185 26516 26489 28087 28087 21266 23089 23089 21253 23090 23090 22278 20349 22113 22113 25583 22167 22167 24031 24031 24084 24084 22278 24877 24877 25715 26502 26502 26433 26460 24030 24030
23160 23174 23174 23161 24904 24904 25769 24945 24945 24098 22318 22305 22305 27388 25742 25742 24031 25688 25688 29552 29587 30305 30305 29611 29599 29599 27310 25676 26529 26529 26515 28099 28099 28059 23974 23974 27296 26568 25781 25781 27309 25689 25689 23186 23211 23211 23089 26502 24916 24916 24903 21266 21266 21266 21295 21309 21309 22237 22141 22141 23035 23103 23103 24031 24031 24084 24084 22278 24850 24850 26556 25715 25715 25702 26433 28033 28033
21337 24904 24904 25717 23148 23148 23174 24890 24890 26556 25716 25729 25729 28060 31533 31533 24877 26556 26489 26489 29551 30305 30305 29611 29599 29599 28907 29587 28072 28072 27374 27399 27399 27361 23089 23089 28046 26648 25768 25768 26608 27296 27296 25660 22236 24902 24902 25660 23990 23990 24003 24030 24030 25689 21267 21321 21321 23119 22141 22141 23035 23103 23103 25716 24890 25769 25769 26622 28087 28087 27297 24004 25676 25676 27241 25607 25607
26462 29539 29539 30221 30208 30208 28048 28816 29524 29524 30208 25661 25661 30220 30233 30233 24877 26556 26489 26489 29551 28906 28906 29577 29537 29537 28099 27348 26568 26568 28125 28802 28802 27387 28100 26556 26556 23159 24057 24057 25768 26648 26648 28802 23089 23133 23133 23089 26516 26516 24003 27348 27348 25689 21267 21321 21321 23119 21295 21295 22223 23147 24890 24890 24850 25729 25729 25741 24071 24071 23173 24004 25703 25703 26515 28750 28750
29511 29525 29525 30861 30234 30234 30933 31566 32162 32162 30294 25661 25661 30220 30233 30233 26503 24903 24916 24916 24822 30220 30220 28881 28112 26473 26473 25632 24808 24808 25675 25631 25631 26502 24916 24058 24058 24057 22249 22249 24902 24956 24956 26515 23049 23062 23062 24822 26516 26516 24003 27348 21322 21322 21253 21294 21294 21364 23172 23172 23160 28126 24018 24018 23975 25755 25755 23159 26569 26569 27388 25689 24018 24018 25675 27241 27241
33182 30886 30886 31488 34612 34612 30933 31566 32162 32162 30294 28060 28060 29524 28855 28855 30233 23962 24071 24071 22318 23975 23975 25633 26473 26543 26543 26447 24781 24781 24794 25632 25632 26502 24835 23159 23159 24835 23948 23948 24835 23185 25768 26515 23049 23062 23062 24822 24794 24794 22195 25728 22209 22209 23119 21309 21309 21378 22250 22250 24031 26556 25742 25742 24876 25715 25715 26502 25754 25729 25729 25702 26516 26516 24836 25608 25608
30221 30886 30886 31488 34612 34612 34198 32707 32117 32117 29565 29612 29612 28895 28152 29612 29612 29510 24823 24823 23225 24071 24071 24850 26474 27242 27242 24767 27228 27228 24004 23119 23119 25716 23173 23160 23160 24044 23948 23948 24835 23185 25768 25768 27388 26502 26502 23934 24808 24808 25715 22222 25715 25715 23134 24004 24004 20446 23186 23173 23173 25702 27361 27361 24916 24835 24835 25632 24889 25755 25755 25741 26543 26543 26503 25608 25608
30221 35021 35021 32094 32106 31499 31499 30956 30233 30233 28829 30269 30269 28100 27323 26543 26543 27336 24823 24823 22278 23990 23990 25633 28803 24756 24756 23908 23921 23921 24004 23119 21267 25716 23173 23160 23160 24044 23159 23159 24030 23146 24083 24083 25781 28955 28955 26515 26582 26582 24877 24808 26556 26556 24890 23118 23118 24018 23186 24929 24929 23160 23089 23089 26609 26582 26582 25647 25647 28112 28112 25741 26543 26543 26503 27229 25633
22195 31499 31499 30861 28790 26475 26475 30208 30294 30294 28165 27336 27336 28829 26503 28087 28087 28112 24809 24809 22278 25661 28087 28087 25648 22967 22967 24782 23921 23921 24004 23119 21267 21267 20393 22304 22304 24097 25794 25794 23159 24794 26459 26459 25647 24822 24822 24956 24876 24809 24809 26474 24876 24876 25648 23133 23133 23962 24823 25729 25729 26569 24890 24890 25768 24916 26582 25647 25647 28112 28112 25728 25755 25755 26516 24836 28764
23160 23148 23148 25730 26570 24891 24891 28034 31487 31487 30220 28165 28087 28087 28020 28060 28060 27400 23921 23921 24018 25661 26489 28087 25648 22967 22967 24782 23962 23962 26569 25729 24864 24864 22237 21337 21337 20460 22332 26608 26608 24030 23948 23948 28059 24902 24902 26516 25688 26433 26433 25647 24836 24836 24877 23119 23119 23036 24823 25715 25715 26569 24890 24890 25768 24916 25742 25742 26530 28099 28099 26529 26556 26556 26556 27336 27310
22238 22251 23148 23148 24031 24059 24059 24823 26461 26461 29524 28894 27362 27362 27296 27283 27283 26543 23921 23921 24018 25661 26489 26489 26503 23920 23920 23949 21364 25742 25742 24890 25688 25688 24863 24017 24017 25754 22305 21322 21322 26542 23119 23119 24003 24916 24916 26555 26556 25661 25661 25647 25660 25660 24809 24890 23036 23036 24823 25715 25715 26555 26555 26555 24889 27387 26473 26473 24864 25702 25702 25702 26529 26529 25689 26543 25703
25634 25634 28048 28048 27271 24850 24850 24929 23962 23962 27283 29538 27425 27362 27296 27283 27283 26543 24864 24836 24836 25689 25647 25647 26503 26488 26488 25661 20393 24877 24877 23119 23119 23119 23104 23134 23134 22278 23185 24045 24045 23895 23895 23895 24030 24057 26569 26569 24031 26489 26489 25647 25660 25660 24809 24890 26489 26489 25689 25728 25728 24017 27387 27387 25768 25769 25728 25728 28789 26529 26529 24877 24849 29576 29576 28059 26460
27256 28035 30196 30196 30184 28791 28791 26583 25769 27283 27283 29538 27425 27425 27349 28073 28073 28060 25742 24836 24836 24809 23920 23920 24808 23962 23962 24004 22263 24031 24031 24004 26503 26503 26516 23147 24071 24071 23961 25632 25632 23036 23908 23908 23119 24836 26569 26569 24031 26489 26489 24795 25648 25648 26609 22278 25716 25716 28073 26530 26530 24890 28165 24045 24045 26595 25754 25754 25675 25715 25715 25729 25689 26473 26473 28046 26474
30281 30281 30281 30281 30184 28791 28791 26583 25769 25648 25648 28060 29551 29551 28164 29637 29637 28073 28072 24808 24808 24795 24809 24809 25675 24782 26503 26503 24890 22223 22223 24836 25689 25689 24045 24045 24944 24944 24071 23961 23961 23036 23908 23908 23119 24836 25716 25716 23962 26516 26516 27297 28139 24877 24877 24903 24031 24031 24836 24058 24058 24916 26569 26596 26596 26582 25755 25755 26583 27387 27387 24071 25716 26473 26473 26488 26530
30281 30281 30281 30281 30220 30860 30860 26490 23212 22291 22291 24823 28803 28803 29524 29564 28151 28151 27375 28059 28059 25716 25689 25689 24808 25633 27283 27283 21267 21281 21281 23134 26543 26543 26596 24984 24944 24944 24071 23961 23961 24767 24794 23172 23172 24836 23990 23990 27323 28087 28087 27297 24850 24031 24031 22223 24877 24877 22263 22250 22250 23173 24018 28126 28126 24876 25660 25660 26568 25755 25716 25716 24902 26473 26473 26488 26530
28829 28855 29612 29612 30294 31499 31499 29510 26557 21406 21406 21392 23962 23962 28803 28060 29524 29524 28072 26516 26516 27297 27283 27283 25676 24782 27255 27255 24031 21281 21281 23134 26543 26543 26596 24984 24970 24970 24929 23199 23199 23147 24030 24809 24809 24823 26516 26516 25716 25676 25676 24836 28073 27283 27283 25633 26461 26461 24836 23962 23962 27297 27323 26543 26543 25702 25715 25715 26568 25755 25716 25716 24902 27322 27322 27335 25715
