BASIN_DATA/DATA/7339001/morph_cr2soil/soil_class_horizon_03.asc
NCOLS 384 
NROWS 512 
XLLCORNER -72.75 
YLLCORNER -36.5 
CELLSIZE 0.001953125 
NODATA_value -2147483647 
[rows 68 to 101 of 512, columns 77 to 153 of 384]
20380 17413 17413 18387 18374 18374 17400 19348 14419 14419 16413 18387 18387 19334 17373 18359 18359 17372 19333 19333 19292 17251 17251 16278 15299 16291 16291 14283 15263 15263 16293 17290 18265 18265 18320 18360 18360 20352 18474 18474 22240 21298 25611 25611 30840 20396 20396 21353 21353 20296 20296 17387 19377 19377 24021 26519 22227 22227 23151 25745 25745 35032 28767 28767 26533 22253 19474 19474 23150 24893 24893 20423 19488 24907 24907 25745 26533
17879 17880 17880 18387 17413 18374 17400 19348 14419 14419 17400 17400 17400 20323 18374 16385 16385 16399 19319 19319 18318 17225 17225 16240 14297 15288 15288 18264 16293 16293 18334 19349 19363 19363 19432 19432 19432 20381 20396 18473 18473 22226 31455 31455 30840 20396 20396 21353 21353 19362 19362 17360 18361 18361 21313 22226 22198 22198 20396 23164 23164 32719 25745 22240 22240 20396 24048 24048 24932 31557 31557 24048 20409 24854 24854 24868 24035
17879 17880 17880 18387 17413 17413 19376 17413 13389 13389 18387 17400 17400 16413 19361 17386 17386 16385 18346 18346 18304 15288 16292 16292 18305 17303 17303 16333 18360 18360 18458 16470 17485 17485 17484 17484 17484 18429 20396 18473 18473 22226 31455 31455 23039 21340 19446 19446 20396 19446 19446 18443 18360 18360 20311 23094 19362 19362 19363 20409 20409 28168 21367 19446 19446 24048 30913 30913 27353 27378 27378 24061 18457 23151 23151 21285 21299
16949 16950 16950 13985 11982 13972 13972 16442 16413 16413 17400 18387 18387 18387 15410 18386 18386 17399 21256 21256 16332 16319 20215 20215 20255 19335 19335 18416 17470 17484 17484 16442 17441 17485 17484 17484 17484 18429 18429 18443 18443 20367 26437 26437 28754 23093 21340 21340 19431 19446 19446 20396 20396 20396 19446 20367 20352 20352 20338 22213 22213 21367 21297 19446 19446 24906 35041 35041 34983 30199 24880 24880 20382 21313 23151 21285 21299
17956 14981 14981 11995 11995 14970 14970 16427 15410 15410 16413 18387 15397 15397 16413 17412 17412 16399 14391 14391 16372 18333 20242 20242 19334 17400 17400 16442 17470 17484 17484 16442 17441 17441 16457 18444 18444 19447 19461 19403 19403 20396 21313 21313 24759 22997 23911 23911 23978 25692 25692 22240 21353 23189 23189 26546 19403 19403 19333 20309 20309 19361 18359 21324 21324 24932 28871 28871 28063 30199 24880 24880 20382 21313 21313 21326 26507
10993 14981 14981 16961 16950 14932 14932 16427 17413 17413 17413 17387 16400 16400 18401 17413 17413 15397 17400 17400 17387 19320 21174 20242 19334 17400 17400 16442 17455 16457 16457 15438 15438 15438 16457 17442 17484 17484 20397 20368 20368 19447 20410 20410 23938 23885 23885 23885 23885 25599 25599 23993 24007 30259 30259 22281 19417 19417 17385 19361 20322 20322 19361 21324 21324 24932 28871 28871 28063 33683 23993 23993 20396 19390 19390 24894 24008
10993 11994 11994 16950 18903 15920 15920 18415 19403 19403 17413 16372 18374 18374 17400 17413 17413 16400 17400 17387 17387 19320 21174 21174 18360 17413 17413 16443 16443 14448 14448 14448 15438 15438 16428 18416 19389 19389 17455 20353 20353 19432 20397 23952 23952 26422 30164 30164 33141 28741 28741 24759 30236 24853 24853 21353 22212 22212 17385 19361 20322 20322 19361 20380 20380 21340 24880 24880 24007 29527 30236 30236 23150 20352 20352 23138 21271
10980 14010 16960 16960 15933 14860 14860 15451 18415 18415 17400 18387 18374 18374 17400 17413 17413 16400 17400 20310 20310 20269 18333 18333 16333 14380 16413 16413 14434 15425 15425 14448 14434 14434 17428 17442 23138 23138 19418 19432 19432 19447 21285 29477 29477 31467 24785 24785 25611 27232 27232 33630 30236 24853 24853 21353 22212 22212 19346 21283 21297 21297 22212 21283 21283 21353 22266 24021 24021 28819 33693 33693 26573 22241 22241 18474 19363
15993 17978 16949 16949 15920 17894 17894 19417 18415 17400 17400 18387 18374 18374 17400 15383 15383 17400 18374 21257 21257 18347 16359 16359 15356 16372 14393 14393 16414 14434 14434 15438 16428 16428 17361 20283 24786 24786 20338 18458 18458 18444 26450 30164 30164 24771 20310 24785 25611 27232 33630 33630 30236 22253 22253 22253 20295 20295 19361 20351 28857 28857 22197 20338 20338 21367 27378 29541 29541 33195 34173 34173 28859 26560 24868 24868 23138
15981 16937 15932 16949 15920 17894 17894 19417 18401 17400 17400 20338 16427 16427 15410 17413 17413 16413 18387 19334 19334 19320 16359 16359 17373 18361 15384 15384 16401 16414 16414 15425 17428 20283 20283 20270 21231 21231 22158 18430 18430 18444 26450 30164 30164 24771 20310 20310 20338 24839 26422 26422 24853 21340 21340 21366 18358 20322 20322 23106 31513 31513 22183 19334 19334 21353 23150 28832 28832 32676 30888 30888 28871 26573 26520 26520 24062
15981 16937 15932 15932 18903 17894 17894 21325 16413 17413 17413 16427 17400 17400 18374 16413 20352 20352 19376 21270 21270 18360 17360 17360 17387 17373 16360 16360 15398 14420 14420 15398 15411 19335 19335 20270 21231 21231 22158 18430 19404 19404 23924 27998 27998 23039 19389 19389 22213 19417 28832 28832 21353 20423 20423 21366 20308 19361 19361 21283 22225 22225 20309 19348 19348 21298 23137 24035 24035 29555 34153 34153 33195 28858 27379 27379 24868
16949 23523 21746 21746 16900 21734 21734 18415 17400 21312 21312 19389 17427 17427 17400 16427 21298 21298 20338 19348 19348 18360 18347 17387 17387 16387 18333 18333 13361 14406 14420 15398 15411 19335 19335 20270 20270 20270 21244 21258 22199 22199 22145 25611 25611 23039 23053 23053 22144 22226 21340 21340 21353 21325 21325 22265 18372 18358 18358 19347 20309 20309 20322 21284 21325 21325 24021 26519 26519 28781 32643 34153 33195 28858 27379 27379 24868
18902 19844 20796 20796 21733 17894 19389 19389 17400 16442 16442 17455 17441 17441 17441 22226 20367 20367 19376 19362 19362 18360 17360 18374 18374 16387 18333 18333 13361 14406 14406 15398 17414 20297 20297 20283 21217 21217 20270 20283 21231 21231 21216 21216 21216 23025 24759 23911 23911 23122 21340 21340 23137 19348 19348 20396 18473 20408 20408 20366 21311 21311 21325 21270 20310 20310 24021 26519 26519 28781 32643 28872 28872 28117 26534 26534 24854
14969 18874 20808 20808 15919 16886 17441 17441 16442 19403 19403 17441 16427 17455 17455 17441 18429 18429 18415 18401 19362 18360 17360 18374 18374 18401 17374 17374 16373 15398 15411 15411 15425 19321 19321 21217 20270 20270 21203 21217 20270 20270 21216 22131 22131 25599 24759 24759 24759 26506 21340 21340 21340 22294 20423 20423 19417 19431 19431 20396 21311 21311 21325 21270 20310 20310 22213 24022 24022 30187 31455 28859 28859 28833 25693 25693 23108
13984 15944 16925 16925 15905 15890 16456 16456 17469 18443 18443 17455 17455 20381 20381 17441 18429 18429 18415 18401 18401 18360 16372 17400 17400 17400 15370 15370 17388 16428 14448 14448 15438 19321 19321 19307 20270 21217 21217 19307 20256 20256 20269 27232 27232 23039 21340 22266 22266 21367 24048 24048 21367 27273 27313 20423 19417 19431 19431 20396 21325 21325 23079 22170 22171 22171 23150 27339 27339 33651 30177 28130 28130 25707 24881 24881 25693
9009 14969 14957 14957 14902 16413 17441 17441 16456 18443 18443 17455 17455 20381 20381 16427 18429 18429 22213 18401 18387 18387 18347 18347 18347 17387 15371 15371 16387 15425 15438 15438 15425 19335 19335 21217 21217 21217 21217 20270 22117 22117 27999 23010 23010 23978 20396 20396 20396 21367 24048 24048 21367 27273 27313 27313 23993 24034 24034 22253 24048 23122 23122 22266 23137 23137 22254 24867 24867 28845 27314 27392 27392 28886 30297 30297 26573
14969 13984 14957 17865 17865 16413 17441 17441 16456 18443 18443 19417 17455 15451 15451 16456 16427 16427 19389 18401 16386 16386 18347 18347 18347 17387 17387 16372 16372 15383 14434 14434 14448 15425 15425 19349 21217 20270 20270 20270 20256 20256 21202 27999 23978 23978 20396 20396 20396 20409 21381 21381 25692 27232 24880 24880 23122 25732 25732 26559 25745 25719 25719 24034 24021 24021 25651 26546 24022 24022 23979 25707 25707 30864 34163 34163 28871
14969 13984 14957 17865 17865 17441 17441 17441 16442 16442 18429 18429 16442 15437 15437 16456 16442 16442 18415 18374 18387 18387 18333 16386 16386 16413 16373 15356 15356 15371 15398 15398 15438 15425 15425 17456 19321 20270 20270 20270 20256 20256 21202 27999 23924 23924 20352 20381 20381 19446 20423 24759 24759 23978 23993 23993 26519 28793 28793 29541 28832 28063 28063 26559 25720 25720 23122 24021 24035 24035 27327 28064 28064 30863 34143 34143 30223
13984 11969 14957 14888 14888 24867 28116 28116 18415 18374 16400 16400 16442 16456 16456 19417 19403 19403 16427 17427 18360 18360 18333 15383 15383 14392 18387 14405 14405 16387 15371 15371 15411 15425 17456 17456 19321 20270 20270 20270 20270 20270 22116 24759 23952 23952 19417 20381 20381 19431 24812 23885 23885 23079 25599 25599 26422 28741 28741 30851 30187 30223 30223 28833 25707 25707 25707 32120 30863 30863 32063 30176 30176 29513 34143 30223 30223
11969 14957 11956 15906 15906 19830 16427 16427 17400 17373 17373 17373 16427 17427 17427 16442 16427 22226 22226 17373 18387 18387 18347 17373 17373 14392 15410 16413 14405 16387 15371 15371 15411 15425 17428 17428 17361 20283 20283 21217 20270 20256 20256 27998 23079 23079 22253 22198 22198 21340 25573 23885 23885 20367 23107 23107 24839 28832 32063 32063 30199 30901 30901 27313 24881 24881 24839 30840 30829 30863 32063 30176 30176 29513 28832 25773 25773
11956 11956 12968 14958 14958 14932 13901 13901 15397 18360 17373 17373 18415 18429 18429 14433 15424 21298 21298 16413 17413 17413 18374 17373 14392 14392 15410 16413 16413 19334 15371 15371 14420 15438 16428 16428 16428 19307 19307 19307 20270 20255 20255 24747 24771 24771 18443 21298 21298 23025 22984 24746 24746 20352 24839 24839 25679 26506 29527 29527 29541 30247 30247 27313 24881 24839 24839 30840 30829 30829 30177 26507 26507 26534 26547 24881 24881
12968 12968 10927 11956 11956 13958 13943 13915 13915 17387 16372 16372 15397 15424 15424 15424 18415 15424 21298 16413 17413 17413 18374 16400 14433 14433 16427 18401 18401 19348 16372 16372 15384 16443 15452 15452 15438 16360 16360 19307 21217 21203 21203 22116 20310 20310 19417 18415 19431 19431 21257 19306 19306 20352 23993 23993 26506 28832 29527 29527 29541 30247 30247 27273 25706 24840 24840 29580 31467 31467 27301 28091 28091 28077 26507 28832 28832
10927 10927 11956 10927 10927 13957 13971 14931 14931 16400 15383 15383 15383 15424 15424 15424 18415 15424 15424 16427 17400 17400 17373 16386 17427 17427 20338 16386 16386 18347 16359 16387 16387 15425 14462 14462 14462 16373 16373 19307 22117 25612 25612 21231 18429 18429 19431 21353 19460 19460 21312 22226 19306 20352 23993 23993 26506 28832 30223 30223 30888 30236 30236 28037 24839 27313 27313 30212 29501 29501 30199 26534 25680 25680 29541 31514 31514
10927 10927 10927 11942 11942 13972 12954 13929 14931 16400 15383 15383 15383 15424 16427 16427 16427 15424 15424 16413 16413 16413 17400 18374 19376 19376 18360 18333 18333 19306 16346 15371 15371 15425 16443 16443 16443 17361 18320 18320 20256 23011 23011 19335 18429 18429 19389 21353 19460 19460 21312 22226 22226 24867 23122 27326 27326 28076 30187 30187 32653 30913 30913 28037 24839 27313 27313 34143 30176 30176 28819 25707 27301 27301 28832 32676 32676
11942 11942 11942 11942 11942 13972 12954 13929 13929 16400 15383 15383 15383 14405 17427 17427 17427 15410 15410 17413 18387 19362 19362 20323 19320 19320 20296 17360 17360 16359 16359 16372 16372 17427 15438 15438 15452 17347 18320 18320 20256 23011 23011 19335 18429 18429 19389 20423 18443 18443 18443 23122 23122 26519 28076 27313 27313 28063 32051 32051 34143 30913 28050 28050 27273 28833 28833 29541 30187 30187 28063 26493 27300 27300 28819 28832 28832
11942 11942 11942 11956 11956 11956 13971 11927 11927 14932 16386 16386 17373 15383 14405 14405 15397 15397 15397 16413 18401 19362 19362 20323 22157 22157 17360 16400 16400 17373 16359 16372 16372 14420 15438 15438 15452 17347 18320 18320 20256 20256 20256 18348 21284 20310 20310 20381 21270 21270 20367 23993 23993 24759 28755 28819 28819 28063 30187 30187 34605 29527 27273 27273 25652 27326 27326 27300 29569 29569 25680 28806 28832 28832 29527 28806 28806
11942 11942 12968 12968 12968 12968 12955 12927 12927 13930 16400 16400 17373 16372 15397 15397 15410 16400 16400 15410 18387 18387 18387 16372 21257 21257 18387 17373 16359 16359 15356 16372 16372 14420 15438 15438 16443 16443 19307 19307 19307 19307 19307 18348 20270 20270 20270 21217 21216 21216 20352 22213 22213 25679 28793 28793 28793 28063 32074 32074 33683 30211 28024 28024 26478 25637 25637 27287 27286 28024 28024 28037 28832 28832 29527 28806 28806
12968 12968 12968 12968 12955 12955 17933 19870 19870 14945 16400 15356 15356 16372 16413 16413 16413 15397 15397 17400 17400 16386 16386 21284 21298 21298 18387 17373 16359 16359 15356 15356 15356 15370 15425 16457 16457 17442 19307 19307 19307 19307 19307 20283 21203 20270 20270 19335 21257 21257 21270 19389 23107 23107 28832 28780 28780 28024 30176 30176 33661 30222 29500 29500 25624 27258 25637 27287 27286 28024 28024 28037 31502 31502 30862 28792 28049
12968 12968 12968 12955 17933 17933 11956 13943 13943 13943 15847 15370 15370 15370 16372 16372 14392 14419 15410 15410 14419 16386 16386 21284 21298 21298 19334 18360 16359 16359 16359 17373 17373 16386 16427 17456 17456 18348 19307 19307 18334 19321 19321 21203 21203 20270 20270 20311 21258 21258 23899 23025 23979 23979 28050 27973 27973 28011 29527 31466 31466 30222 29500 29500 25624 27258 27258 28011 27259 24812 24812 25624 28780 28780 34142 28792 25635
12968 11956 11956 17933 11956 11956 12940 12940 12940 11927 14932 17387 17387 16372 16359 16359 14392 14419 15410 15410 14419 17413 17413 19376 17373 17373 18333 16372 17346 17346 16346 17360 17360 16386 16427 17456 17456 20297 19307 19307 19307 19321 20256 20256 20256 20270 20270 21217 21258 21258 22117 21257 23994 23994 28793 27973 27973 28011 29527 31466 31466 34132 30187 30187 29500 28767 28767 28025 25636 24798 24798 26464 33172 33172 32609 29500 25663
11956 17933 17933 11956 12940 12940 12940 14958 13943 13943 15919 17387 17387 16372 16359 16359 17373 16413 15397 15397 15410 15410 15410 19362 18360 18333 18333 18333 16333 16333 16359 15370 15370 16372 16443 16443 16443 19321 20270 20270 19307 19321 21203 21203 22117 20256 20256 21217 23026 22117 22117 21257 23994 23994 28793 27974 27974 27258 29500 32600 32600 33606 29527 29527 30211 30198 28011 28011 27245 24798 24798 24798 29476 29476 32620 27273 25664
17933 11956 11956 11928 11928 11928 12940 14958 13943 13943 15919 16400 16400 17373 16359 16359 15356 15397 15410 15410 15397 18374 18374 19348 19334 17373 17373 16359 16359 16359 16372 16372 16372 16372 17442 17456 17456 21231 21217 21217 21217 22117 23011 23011 22117 20256 20256 21217 23026 22117 22117 21298 22214 22214 28024 28728 28728 27948 28703 29429 29429 30093 30152 30152 30199 30223 28780 28780 27257 28010 28010 27232 28010 28753 28753 27272 26450
11956 11956 11956 11928 11928 11928 11928 11928 12940 12940 13943 15409 15409 16386 17360 17360 17360 15356 15383 15383 15410 19376 19376 19348 17373 16386 16386 17400 18360 18360 16359 16372 15384 15384 16457 18444 18444 21244 21217 21217 21217 22117 23011 23011 22117 19294 19294 20270 22171 23953 23953 23010 22158 22158 23966 24786 24759 24759 26422 28767 28767 29429 31397 31397 30755 31455 29527 29527 29513 28767 28767 29487 29487 29499 29499 28023 30186
11956 11928 11928 11928 11928 11928 11928 12912 12912 12912 13929 15396 15396 16372 18374 17387 17387 15356 16386 16386 16413 18401 18401 19362 18374 18401 18401 18401 18401 18401 17387 16359 15383 15384 16457 18444 18444 21244 21217 21217 21217 22117 22117 22117 20256 20256 20256 20256 20353 24812 24812 22103 21243 21243 27313 28024 29429 29429 30152 29429 29429 33585 33585 33585 30755 33596 30116 30116 28793 28806 28806 29499 30792 29440 29499 28023 30186
