BASIN_DATA/DATA/7339001/morph_cr2soil/soil_class_horizon_02.asc
NCOLS 384 
NROWS 512 
XLLCORNER -72.75 
YLLCORNER -36.5 
CELLSIZE 0.001953125 
NODATA_value -2147483647 
[rows 442 to 475 of 512, columns 154 to 230 of 384]
19372 20348 20348 19385 19442 19442 17537 17537 17537 17523 17524 18512 18512 16539 17495 17495 17494 17466 17466 16537 17524 16538 16538 16495 18385 18385 14404 12352 15408 15408 12338 14405 14405 15424 12384 12384 14447 14475 17468 17468 16455 14391 14391 14378 16371 16371 14391 12354 12354 12354 20309 14391 14391 21242 22169 22169 19375 17400 14405 14405 14405 15424 15424 15410 15437 15397 19403 15465 17413 17413 14433 18415 18415 13418 14433 14433 14419
21294 21280 21280 19372 18439 18439 20473 18525 18524 18524 19498 18539 18539 17523 20460 20460 18483 18439 18525 16537 17524 16538 16538 16495 16397 16397 17386 15423 16412 16412 13359 15396 15396 12399 13418 13418 15451 19430 18456 18456 16427 14405 14405 20366 15437 15437 13446 17454 21324 21324 22225 22183 22183 18346 15342 15342 14405 20323 15410 15410 14405 15424 15424 15410 15437 15437 14461 14447 16386 16386 19376 19403 19403 17427 13433 13433 19403
19470 20432 20432 20377 20376 20376 18453 20445 21390 21390 18553 17583 17583 17523 20460 20460 18483 18439 18525 18525 17537 16524 16524 18526 16410 16410 15395 23077 21282 21282 14391 12353 12353 13418 14447 14447 16455 20395 23136 23136 15451 20395 20395 22252 22239 22239 15437 11383 3746 3746 15369 14366 14366 15328 15342 14405 14405 20323 15410 15410 15383 13374 13374 14405 17427 18429 18429 15410 17373 17373 16400 16442 16442 20367 14419 16427 16427
21376 19470 19470 19484 20404 20404 18438 22221 21390 21390 18553 17583 17583 16567 21446 21446 18453 18439 22249 22249 19526 18511 18511 18512 16453 16453 15395 15396 14432 14432 14418 14418 14418 13418 13447 22252 22252 23149 15450 15450 16455 15464 15464 16441 16456 18429 18429 9337 14311 3746 15369 14366 14366 15328 17318 14366 14366 14379 15370 15370 15396 16372 16372 18374 17387 18414 18414 16442 15397 15397 17400 18429 18429 19417 15409 16413 16413
24928 22290 19470 19484 20404 18438 18438 22221 23117 23117 20419 17509 17509 18511 19484 18453 18453 17465 18553 18553 17551 15519 15519 15534 17538 16410 16410 16357 13373 13373 13345 17412 17412 19416 15450 16441 16441 16426 15396 15396 16371 16385 16385 16441 16456 18429 18429 9337 14311 14311 13251 15276 15276 16333 15355 15369 15369 16359 17387 17387 20309 14379 14379 19334 16372 16400 16400 17426 17427 17427 17413 17427 17427 23122 17455 17427 17427
24928 22290 22290 19469 19497 18539 18539 20418 20376 20376 19413 19412 19412 17436 22289 19512 19512 18539 17537 17537 19498 19498 19498 21392 18512 19414 19414 18373 17386 17386 20337 21297 21297 21324 16455 16372 16372 17413 15396 15396 16371 16385 16385 13330 13346 12324 12324 10328 19151 19151 12255 16333 16333 13331 13403 16400 16400 17373 15370 15370 15383 17373 17373 15370 18360 21256 21256 21297 16456 16456 16427 18401 20367 20367 17427 18415 18415
22289 21376 21376 20431 20444 20472 20472 20458 19497 19497 18539 17567 17567 18538 21417 22304 22304 19484 19498 19498 20459 20459 20459 22318 24877 24836 24836 24824 23963 23963 17399 17372 21297 21324 16455 16372 16372 17413 17413 17413 18401 16399 16359 16359 14365 13373 13373 17399 14337 14337 14326 16372 14405 14405 15369 14392 14392 15383 15383 15383 16359 15424 22197 22197 16372 17360 17360 18360 18400 18400 22198 17387 18387 20367 17427 18415 18415
22290 21376 21376 22290 20432 20458 20458 20472 19497 19497 18510 20459 18538 18538 22316 22303 22303 19470 18525 18525 19456 22223 20349 20349 21309 23091 23091 24824 23963 23963 17399 17372 16386 16386 16371 17399 17399 18401 19388 19388 17413 15397 16372 16372 13317 13317 13317 14366 14392 14392 14392 15396 15356 15356 16400 18401 18401 18415 18415 18415 16412 17455 17400 17400 23992 18347 18347 18305 18400 18400 22198 17387 18387 18387 17387 19320 19320
22277 20419 21363 21363 20418 22289 22289 20432 18497 18497 19470 19484 19484 19484 21391 22289 22289 19456 18511 18511 19414 22223 20349 20349 21309 23091 23091 21268 24824 24824 19346 18346 20309 20309 19319 19361 19361 19333 19361 19361 19389 16386 16400 16400 14405 14392 14392 12325 14392 14392 14419 13388 16386 16386 16400 16427 16427 19403 23122 23122 15424 16400 17400 17400 23992 18347 18347 18305 18333 18333 18360 19306 19306 19306 18347 20281 20281
21363 21377 21363 21363 20432 21390 21390 19483 18511 18511 18525 18525 20432 20432 19456 18483 22289 19456 18511 18511 19414 21281 22154 22154 21227 21228 21228 21242 21242 21242 20321 22196 18386 18386 18373 24770 24770 24825 23106 23106 19333 16371 14391 14391 14432 17426 17426 13373 15410 15423 15423 15397 15370 15370 15397 14433 14433 19403 23122 15424 15424 16400 16442 16442 17332 22144 22144 18332 18333 19320 19320 23937 25691 25691 24852 20337 20337
22237 21350 20377 20377 23146 21377 21377 22290 19470 19470 20432 18525 20432 20432 19456 18483 18483 19470 20432 20364 20364 20320 19318 19318 20351 20366 20366 21297 19347 18373 18373 24837 23077 23077 21282 23991 23991 24020 16441 16412 16412 15355 13359 13359 14446 18401 18401 18415 13388 13374 13374 15370 15370 15370 15397 14433 14433 15397 15397 22198 22198 16333 17346 17346 18333 18347 18347 24867 19333 24811 24811 25705 19375 19375 18400 17413 17413
21267 21254 21254 21254 22180 21377 21377 22290 19470 20432 20432 18511 21377 21377 21336 19442 19442 21350 20393 20320 20320 20279 20280 20280 19402 21339 21339 21283 21242 20309 20309 22183 19361 19361 19332 18372 18372 18414 23149 19402 19402 15396 14391 14391 16426 16442 18401 18415 13388 13374 13374 15370 14405 14405 20367 15437 15437 15410 14433 17441 17441 21270 16400 16400 17427 19431 19431 19431 24020 24866 24866 23065 18359 18359 18332 18264 18264
21267 21254 21254 21254 22180 21349 21349 25768 20419 22262 22262 20445 20419 20419 23159 25741 25741 23160 19387 19332 19332 19304 19333 19333 21311 22197 22197 22169 20309 19375 19375 23078 19305 19305 18318 17359 17359 16385 23121 16412 16412 15396 14391 14391 16426 16442 16442 15370 14379 15370 15370 15370 14405 14405 15437 16456 14433 14433 16456 24048 24048 24033 18486 18486 17468 18456 19416 19416 18374 18387 18387 18360 19280 19280 19293 19306 19362
21255 20308 20308 20308 21254 26488 26488 23975 19345 21254 21254 20348 23172 23172 20405 20393 20393 21322 25662 18358 18358 19333 19347 19347 19361 22183 23078 23078 21256 19430 19430 24033 16426 16426 17359 17359 16385 16385 23121 16412 16412 16399 13345 13345 13403 15397 16412 16412 14392 15370 15370 15397 15410 15410 16346 17399 23136 23136 22265 14491 14491 18473 23149 23149 18457 18360 18333 18333 18318 21201 21201 18332 20310 20310 19362 19403 19362
20322 21268 18373 18373 18385 19345 23935 23935 18357 19345 19345 19331 27282 27282 21240 19317 19304 19304 20280 24810 24810 18385 18373 18373 20309 20322 20309 20309 19361 24032 19430 24033 16426 16426 17359 18346 16371 16371 16412 15423 15423 15382 15382 15382 13388 15397 14432 14432 15410 16372 16372 16359 15397 15397 15410 15370 18401 18401 19403 14433 14433 21353 24033 24033 18401 22184 22213 22213 21243 19334 19334 18332 20310 20310 19362 19403 20367
21269 20309 20295 20295 19333 18372 19360 19360 19346 18359 18359 18385 21240 21240 18358 17345 18332 18332 17372 23963 23963 24824 19375 19375 20309 20322 20309 20309 19361 24032 24032 23148 22197 22197 15382 16371 16371 16371 16412 18414 18414 16385 13388 13388 14391 15383 16426 16426 14392 15356 15356 16333 14338 14338 13317 15370 14392 14392 15397 13402 13402 21352 24879 24879 24892 22184 22213 22213 21243 19334 19334 20381 20409 23150 23150 19389 19403
21269 21229 22142 22142 20281 20295 20309 20309 19347 19333 19333 19347 19360 19360 21268 19388 21283 21283 19347 23963 23963 24824 19375 19375 20296 19334 17413 17413 18360 22212 22212 18386 17372 16441 16441 15450 14404 14404 17372 14391 14391 17412 18400 16386 16386 16372 16385 16385 15383 14379 14379 12354 23965 23079 23079 14405 22197 22197 24060 15450 13402 21352 24879 24892 24892 24784 19320 19320 20323 20396 20396 20436 20408 24047 24047 23149 19417
22169 23922 21215 21214 21214 22142 21229 21229 25634 20295 20295 21242 21255 21268 21268 19388 21283 21283 19347 18373 18373 19361 19375 19333 19333 18360 17400 17400 16413 16427 16427 16427 16412 14446 14446 15450 15536 15536 13417 13388 13388 14432 22198 15356 15356 15328 15328 15328 16372 15397 15397 20337 24033 23992 23079 14405 22197 22197 24060 15450 15450 17386 18373 16371 16371 24784 20282 20282 21340 20396 20396 24060 19473 24074 24074 24061 19417
21229 23037 21215 22143 22143 25635 20295 20295 25634 20295 20295 21242 21255 22182 22182 21283 22183 22183 20296 19361 19361 20337 24838 19334 19334 19334 17400 17400 15397 15410 15410 15424 18415 18428 18428 16412 18456 18456 13402 14432 14432 16399 15370 14379 14379 15313 15342 15342 13331 15397 15397 20337 24033 23992 23992 24006 23078 23078 13360 13346 13346 14353 16346 17332 17332 19267 21298 21298 23106 23121 23121 19430 21380 20423 20423 24905 18442
21242 22156 22143 22143 22143 25635 20295 20295 20295 21256 21256 21242 22156 23078 23078 21311 20322 20322 22197 20295 20295 18386 23977 18346 18346 19347 18400 18400 20338 19348 19348 16400 18473 18443 18443 13388 14432 14432 18373 21283 21283 15383 15397 14379 14379 15313 15342 15342 13331 13374 15409 15409 13374 12339 12339 15383 14379 14379 14338 14366 15383 15383 17400 18415 18415 18373 23964 23964 23078 20310 20351 20351 19403 18414 18414 24047 18428
21242 22156 22143 22143 22143 20322 24824 24824 21242 20281 22169 22169 22169 23976 23976 21297 22212 22212 23092 20322 23992 23992 24852 20322 20322 18387 17387 17387 16386 17400 16442 16442 19431 17497 17497 15465 19376 19376 18373 21283 15383 15383 15397 14366 14366 15356 20322 20322 15396 21283 24838 24838 13331 14353 14353 14366 16359 16359 15424 15437 14447 14447 16426 18401 18401 17400 22144 22144 21148 23106 20367 20367 19389 18386 18386 18442 20351
21242 21242 22156 20322 20322 24866 24865 24865 24837 20322 21269 21269 21242 22212 22212 20351 20366 20366 19375 21269 19375 19375 22225 24006 24006 16413 17413 17413 18400 21297 17426 17426 18429 17497 17497 15465 19376 19376 18400 14366 15397 15397 21269 21257 21257 16386 22212 22212 24825 24811 20309 20309 13331 13304 13304 15370 15410 15410 15424 14433 19389 19389 14392 16346 16346 16358 18347 18347 18401 23121 19388 19388 23136 18386 18386 18442 20351
21283 21283 21283 23120 23120 23148 23135 23135 18442 22197 20337 20337 20351 20366 20366 20366 20366 20366 21324 21298 21298 21298 18401 18401 18401 17412 16427 17413 18400 21297 17426 17426 18429 17468 17468 20381 17427 17427 13388 15370 15410 15410 15397 15370 15370 19348 16426 16426 15409 22169 15382 15382 17360 14353 14353 14392 16386 17387 17387 16400 19376 19376 22183 21269 21269 16371 18415 22240 18401 23121 19388 19388 23136 24905 24905 23136 21269
21297 21297 23121 21324 21324 19416 20395 20395 20366 22225 21311 21311 21311 22225 22225 23106 22213 20367 20367 20352 22212 22212 18401 18401 18401 17412 16427 15409 15409 15396 16359 16359 15370 15383 15383 16412 16399 14418 14418 15356 13374 13374 22157 21257 21257 20310 13374 14418 14418 16426 19375 19375 24838 15370 15370 16372 13346 17373 17373 13402 13388 13388 21270 21269 21269 16371 18415 22240 22240 24905 22265 22265 19417 19417 19417 20295 19347
20366 20366 20366 21339 21339 24060 24047 21339 21339 20366 22225 22225 22252 23149 23149 24033 22213 20367 20367 20352 22212 22212 20352 17412 17412 23106 20338 16413 16413 17427 15370 15370 15356 14379 14379 14392 14418 21283 21283 16386 17400 17400 17400 13374 13374 14392 14379 15397 15397 15383 15409 15409 24838 15370 15370 14419 16372 17373 17373 13402 13388 13388 21270 21298 21298 14432 16456 16456 16456 24033 24007 24007 17427 19389 19389 18387 19305
21312 21312 22240 20366 20366 20380 22225 22239 22239 21311 22225 22225 22252 23149 23149 24033 21339 20381 20381 19403 20352 20352 20310 18415 18415 18401 20352 15410 15410 19361 15370 15370 16386 16372 16372 17387 16372 13389 13389 18401 14405 14405 14419 13389 13389 14405 16372 14338 14338 14353 14405 14405 24838 15370 15370 14419 16372 15383 15383 21269 21297 21297 15424 15451 15451 21367 18473 19460 19460 18443 16400 16400 17455 18415 18401 18401 23951
23136 23136 23136 20396 20396 20380 22225 22239 22239 21311 22225 22225 20366 20395 20395 20380 24892 24905 24905 20395 19361 19361 20322 17413 17413 17400 20323 20310 20310 17413 17413 17413 15410 15424 17427 17427 17399 13360 13360 14418 17413 17413 15370 13346 15370 15370 16372 14338 14338 14353 14405 14405 19361 14405 15397 15397 14379 14392 14392 14418 13388 13388 15410 15424 23175 23175 22281 22281 22281 14490 16456 16456 17440 17469 17400 17400 19347
23136 23136 23136 20396 24047 24047 22252 20408 20408 21311 21340 21340 22226 21325 22212 22212 20351 20366 20366 24866 23977 23977 19389 18401 24825 24825 16400 17387 17387 19417 19446 19446 15465 21257 19347 19347 16412 14392 14392 17426 15409 17413 15370 13346 15370 15370 16372 13346 13346 15342 14366 14366 14379 18414 13346 13346 14404 16399 16399 13360 14379 14379 14378 15397 15424 15424 14447 21339 21339 15424 16470 16470 18457 17455 16427 16427 16399
24879 24879 20366 21352 23149 23149 23149 20380 20380 21297 21325 21325 21340 20366 19376 19376 20338 21257 21257 21242 24825 24825 24811 24811 24811 24811 18387 17413 17413 17497 15383 15383 17427 15437 15451 19347 16412 14392 14392 17426 15409 15409 16426 16442 20352 20352 15396 14392 14392 15370 14379 14379 13346 14379 14392 14392 18401 13360 13360 15423 14418 14418 14392 14353 15342 15342 16385 15396 15396 14461 18456 18456 13446 21352 15479 15479 16399
19376 19376 21257 20323 21324 21324 20367 21298 21298 23106 19375 19375 21298 22226 22198 22198 23093 20352 20352 21325 21312 21312 20323 19348 20295 20295 17399 15383 15383 16512 15383 15383 17427 15437 15451 15451 18401 15397 15397 13373 14447 14392 14392 15410 15410 15410 15423 14419 14419 16386 14392 14405 14405 15437 13403 13403 14447 14433 14433 13360 15423 14447 14447 13360 17359 17359 14379 18400 18400 22225 15450 13446 13446 21352 15479 15479 15451
21243 21270 21270 20296 21339 21339 20380 21284 21284 18400 21283 21284 21284 22240 22266 22266 20449 24797 24797 23965 22213 22198 22198 21230 20215 20295 17399 15383 15383 16512 17468 20351 20351 16469 14506 14506 18400 15370 15370 16413 12369 15424 15424 19402 18400 18400 15370 13346 13346 18400 18415 15410 15410 14433 15451 15451 17484 19460 19460 15451 13402 15424 15424 19403 15409 17359 14379 18400 18400 22225 15450 15480 15480 19430 16469 16469 15451
20323 23078 23078 23093 23978 23978 23201 21325 21325 19389 20338 22226 22226 21353 20449 20449 20323 24798 24798 23965 22213 22198 22198 21230 20215 20215 16320 22997 22997 17373 16400 16427 16427 15424 15451 15451 14461 13374 13374 15437 16456 17455 17455 13403 17373 17373 18387 14432 14432 21311 22240 20381 20381 19403 19389 19389 20396 15451 15451 15451 13402 15424 15424 19403 15409 15409 14365 13345 13345 15424 15451 15465 15465 15479 16469 16469 15450
18360 24784 24784 24811 19389 19389 20409 20381 20381 20367 20381 22253 22253 21408 20449 20449 20323 24798 24798 25624 21270 21257 21257 21229 26421 26421 19333 17345 17345 17359 23025 15451 15451 15437 14476 14476 17469 15437 15437 19417 19431 14461 14461 15436 15370 15370 15397 15423 15423 14460 14461 15437 15437 13389 13403 19389 20396 15451 15451 15451 13388 13402 13402 14392 13359 13359 14432 18386 15437 15437 14461 15450 15450 16455 15450 15450 16441
23938 20296 20296 19348 19431 19431 20367 20352 20367 20367 20381 22253 22253 21408 22198 22198 20338 25651 24798 24798 20323 20338 20338 21270 20367 20367 24006 23038 23038 23038 18347 15480 15480 15465 20423 20423 17498 19403 19389 19389 14447 20352 20352 20351 14433 14433 19376 15423 21324 14460 14461 15437 15437 13389 13403 13403 14433 17427 16386 16386 14379 15370 15370 14378 13345 13345 20309 12368 15424 15424 16470 24033 24033 15479 14446 14446 16426
