BASIN_DATA/DATA/7339001/morph_cr2soil/soil_class_horizon_03.asc
NCOLS 384 
NROWS 512 
XLLCORNER -72.75 
YLLCORNER -36.5 
CELLSIZE 0.001953125 
NODATA_value -2147483647 
[rows 238 to 271 of 512, columns 154 to 230 of 384]
28804 28804 27364 21422 21422 18529 18457 18487 18487 22282 17455 17455 17470 20368 20368 19432 22241 23138 23138 24881 25720 25720 28091 28104 26534 26534 25733 22267 22267 23164 24907 24907 25707 24868 22227 22227 25707 27340 27340 27327 27366 27366 31605 28195 25001 25001 25027 28244 28244 25904 20687 15737 15737 17764 25153 25153 23416 24296 24296 20659 22510 24272 24272 26769 25106 25106 24246 23377 23403 23403 24320 14769 14769 11742 13744 13744 19632
25678 25678 26571 22320 22320 17571 18473 19432 19432 22240 19417 19417 22214 31536 31536 28090 22227 22241 22241 24868 26534 26534 28077 30236 26534 26534 25733 22267 22267 25733 26534 26534 26534 22214 25707 25707 27340 30902 30902 28846 28104 28130 28130 25786 22350 22350 23284 26705 26705 26745 25989 20659 20659 17764 23429 23429 25989 26000 26000 20673 25153 24259 24259 25954 27558 25106 24246 23377 23403 23403 24320 19702 19702 17735 13760 13760 20604
24932 24932 23228 20505 20505 18501 18457 22253 22253 19403 20352 20352 23094 26506 23979 23979 22199 22227 22241 24868 26534 26534 28077 30236 28871 28871 24022 21354 21354 22227 26520 26520 24868 23123 27314 27314 27327 27301 27301 27327 25707 23151 23151 22322 24988 24988 25014 23284 23284 20659 21629 22510 22510 15769 17750 17750 13760 17764 20673 20673 25153 24259 24259 25954 27558 27558 29785 23390 23416 23416 23403 18732 18732 17735 16755 20659 20659
24986 24986 23242 21381 21381 22266 21340 24880 24880 19417 20353 20353 23080 26506 23979 23979 22199 22227 22227 22241 28064 28064 31514 32687 28103 28103 24049 22254 22254 23979 26493 23994 23994 26507 27327 27327 30914 28091 28091 27327 30260 27366 27366 25799 29703 29703 25864 22431 18718 18718 15753 15753 15753 14753 17750 17750 13760 17764 20673 20673 23416 24284 24284 24259 24246 24246 22496 21602 19702 19702 14769 14753 14753 12723 19702 22537 22537
24114 24114 23163 29603 25732 25732 24893 27352 24880 19417 20353 20353 23080 25664 22199 22199 22199 22227 22227 22227 27301 31514 31514 29541 28091 28091 24868 23979 23979 23979 27340 28091 28091 28091 30259 30259 31536 27301 27301 27327 27353 27379 27379 24961 24155 24155 25027 18660 14753 18718 15753 15753 15753 14753 14753 14753 12742 12759 16769 16769 24296 14737 14737 12686 14737 12742 12742 13760 13760 13760 13760 13743 13743 12703 18732 22496 22496
22335 22335 23163 29603 25732 25732 24893 27352 27352 23177 23979 23979 23953 23067 22171 22171 26493 23994 23994 23108 23067 25666 25666 26493 27301 27301 27301 26507 26507 26507 29591 30236 30236 29541 32154 32154 28076 26507 24868 24868 24894 25773 25773 24961 24155 24155 25027 18660 14753 14753 14769 13726 13726 13744 16769 16769 16769 16769 14769 14769 16755 12742 12742 12742 14769 13760 13760 14769 14785 14785 21588 19702 19702 19688 14722 19688 19688
22335 22335 23163 28116 27365 27365 24893 24880 24880 23164 23994 23953 23953 23067 24813 24813 24813 24827 24827 23953 22185 23953 23953 24827 28077 28077 28076 32143 32143 32143 27327 23994 23994 27327 27327 27327 26520 26520 24868 24868 24894 25773 25773 25812 25028 25028 25905 22537 18732 18732 12742 15737 15737 19716 26000 22549 22549 22549 12759 12759 13777 16769 16769 17764 21616 20673 20673 21616 23429 23429 26828 27624 17750 17750 12723 16725 16725
26546 22294 22294 21325 29580 29580 28845 26533 26533 24008 23979 23939 23939 22171 22158 22158 23939 23953 23953 23953 23939 23953 23953 26493 28091 28091 28833 32154 27327 27327 27327 24840 23994 27327 27327 27327 26520 26520 23138 23138 24062 23203 23203 20478 19573 18660 18660 20673 21603 21603 19702 20659 20659 17779 23441 28341 28341 24272 22510 22510 22496 22496 22496 22496 21588 23403 23403 22510 23416 23416 23429 20658 13759 17750 12723 16725 16725
26491 24893 24893 23993 23122 23122 23122 24853 24853 28806 27274 25637 25637 23925 23080 23080 23066 24826 26477 26477 26477 26464 26464 26492 23979 23979 23966 32154 27327 27327 27327 24840 24840 21299 22214 22214 20410 19461 18530 18530 18530 16572 16572 17602 19588 18747 18747 17779 18748 18748 15769 15769 15769 22523 25177 26782 26782 24259 24272 24272 25118 23377 24246 24246 23390 24272 24272 25966 23416 23416 23429 20658 13759 13759 14768 13744 13744
24021 23079 23079 24812 22198 22198 24007 25664 25664 27273 30187 28025 28025 23924 23978 23978 26533 26532 24825 24825 25664 26464 26464 26492 23979 23979 23966 28076 28104 28104 25720 22267 22267 21395 19503 22336 22336 20492 25014 25014 26692 31074 31074 22389 20590 23416 23416 25990 18762 18762 14785 16784 21643 21643 21616 24259 24259 26782 24259 24259 25142 26782 24246 24246 23390 24272 24272 25966 23390 23390 17764 20687 19715 19715 22522 20645 20645
24785 23924 23924 23912 23938 23938 24798 26464 27259 27259 30863 30176 30176 23939 26519 26519 26533 26532 24825 24825 25664 25663 25663 27286 24867 23163 23163 22282 22282 22282 22309 20464 20464 21409 24948 26613 26613 26638 28971 28971 28982 25864 25864 20534 17764 19716 19716 17765 17764 17764 15769 19745 20701 20701 22537 18747 18747 26782 24259 24259 25142 26782 28341 28341 19688 14769 14769 23390 23390 23416 23416 19716 21616 21616 23416 22523 22523
27998 28754 28754 27232 27245 27245 26438 27258 28024 28024 30863 30176 30176 23939 26519 26519 27325 27272 23038 23038 26449 25663 25663 27273 24867 23151 23151 22282 22282 22282 23177 25786 25786 32209 33287 27391 27391 24960 20520 20520 16619 15629 13678 13678 14769 13760 13760 17764 18747 18747 18775 19745 20701 20701 22537 18747 18747 25130 27581 27581 25118 23390 29092 29092 20631 17735 17735 17734 23377 22482 22482 22469 23377 23377 25966 29830 29830
30152 31455 31455 27232 31467 27245 26438 27258 28024 28024 27258 24786 24786 27300 25678 26476 26476 30198 29511 29511 25663 27286 27286 28050 24826 24881 24881 23094 27327 27327 28846 24894 23190 23190 24933 21409 21409 16572 15597 15597 14629 16635 13777 13777 16769 14785 13760 17764 18747 18747 18775 20687 22549 22549 25966 21602 21602 20673 21588 24259 24259 26769 25106 25106 21574 17735 17735 18718 22469 22456 22456 26745 24233 24233 23390 25153 21588
30152 31455 31455 27232 31467 31478 31478 30840 27273 27273 23994 23965 23965 25692 29513 30862 30862 29512 26476 26476 26545 27338 27338 26477 23965 23994 23994 28858 30925 30925 27327 24008 21409 21409 21465 15613 15613 15597 19588 19588 21493 16635 13777 13777 16769 14785 14785 20702 23442 19661 19661 20702 26793 26793 29796 25106 25106 23390 17750 20645 20645 25106 25106 25106 24246 22469 22469 20617 25930 31724 31724 24233 23377 23377 24284 20659 20645
27245 28753 28753 29465 27246 27999 27999 25625 23953 23953 23054 25679 25679 24826 25651 26505 26505 25691 25718 25718 26518 26476 25707 25707 25679 32710 32710 28858 27326 27326 28077 25665 24062 24062 21451 15613 15613 15597 19588 19588 21493 17647 16770 16770 23404 22538 22538 23441 26023 25189 25189 24345 25142 25142 25118 25954 25954 27570 21574 23403 23403 24259 32334 32334 26757 29070 27558 27558 23377 23364 23364 23390 19674 19674 14753 15721 20645
27258 29487 29487 27258 24799 24798 24798 24854 23108 23108 23966 23079 23079 25651 27326 27338 27338 28089 28089 28089 28075 24826 23108 23108 24840 31525 31525 32209 32154 32154 28077 25665 24062 24062 21451 17602 17602 17632 17617 25001 25001 25040 25118 25118 25978 16695 16695 22573 29158 26840 26840 17779 22510 22510 23390 25106 25106 27570 25106 24246 24246 25118 25093 25093 24233 23350 24246 24246 21602 18718 18718 23390 19674 19674 14753 15721 21574
28792 28023 28023 28037 28024 23067 23067 25651 23966 23966 22171 23966 24812 24812 27312 25663 25663 24797 26464 26464 25651 24867 23137 23137 24840 31525 31525 32209 32154 31525 31525 27314 23151 23151 21465 14614 14614 16604 26666 26666 26666 29070 29808 29808 22483 18747 18747 22574 26035 25165 25165 18761 19702 19702 23390 25942 27570 27570 30471 26769 26769 25930 21574 21574 21574 23350 24246 24246 21602 18718 18718 13744 15737 14737 14737 22456 22443
28049 25664 24840 24840 23080 21258 21258 22158 23054 23054 30863 29514 25680 25680 23952 24853 24853 23122 22253 26464 25651 24867 23137 23137 28819 28104 28104 27327 28076 27327 27327 26520 23164 23164 16572 13591 13591 16603 25825 31052 31052 26769 26793 26793 21602 18761 17824 17824 22574 23429 23429 22510 22510 22510 20631 25106 29808 29808 32334 26769 26769 25930 21574 21574 21574 19674 19716 19716 18732 17735 17735 17707 18704 17721 17721 26757 21574
31490 23965 22226 22226 21244 22171 22171 23094 28037 28037 30211 30876 27273 25680 23952 24853 24853 23122 22253 23150 23150 23151 23151 23151 25665 26534 26534 28116 27327 24008 24008 22295 21382 21382 17556 15613 15613 15597 24129 27535 27535 25930 25978 25978 25978 18732 17779 17779 19731 24284 24284 25106 25954 25954 20631 25106 29808 29808 32334 26769 26769 23350 20631 15753 15753 14769 17750 17750 12742 18704 18704 22469 23378 19674 19674 25118 20645
29513 23952 21284 21284 22199 23966 23966 23965 28037 30211 30211 30876 27273 27273 23966 25680 25680 22227 23138 22282 22282 22295 22267 22267 23994 31547 31547 31569 24008 23190 23190 20437 22310 22310 27417 19545 15583 15583 17572 27522 27522 28319 26757 26757 25978 23403 19745 19745 18775 24284 24284 25106 25954 25942 25942 25942 32882 32882 26782 23364 23364 19674 18718 18732 18732 19731 16755 16755 16755 16725 16725 18704 20631 22496 22496 23390 21616
28050 23066 21284 21284 22199 23966 23966 23965 26464 27300 27300 26492 28050 28050 28090 28076 28076 29580 30936 26560 26560 22295 22309 22309 26560 30948 28116 28116 23138 22295 22295 25759 30960 30960 27392 21423 15598 15598 16740 25001 25001 30460 28308 26757 25978 23403 19745 19745 18775 24259 24259 29763 26757 26769 26769 29796 32334 32334 26782 25118 25118 24259 23350 21561 21561 20673 14769 14769 15737 18704 19674 19674 18718 21574 21574 24296 25142
28050 23066 21298 21298 23965 27300 27300 26477 30887 26464 26464 23978 23979 23979 29568 28090 24840 24840 24881 25746 25746 23203 24961 24961 24062 28143 28143 28143 27352 26560 26560 27365 27378 27378 23176 16572 15769 15769 16740 25001 25001 30460 28308 26769 26769 24296 19731 19731 21629 25142 25142 25917 26769 28341 28341 32339 27570 27570 26793 31756 31756 32339 28330 24233 24233 21574 12759 12759 16769 21574 27581 27581 20645 21602 21602 24284 20659
28819 22240 22213 22213 27286 31501 31501 30210 27257 26464 26464 24839 23094 23094 27326 28090 23979 23979 22199 22214 22214 22241 21368 21368 19461 24075 26573 26573 32165 28885 28885 24893 27378 23176 23176 16572 15769 15769 20673 23337 23337 26757 26757 25118 25118 23390 22510 22510 24296 25130 25130 21602 22496 26757 26757 27558 25930 25930 24246 25106 25106 25106 25942 23350 23350 24246 21574 21574 13811 12742 21602 21602 23429 21616 21602 24284 20659
25679 21325 24868 24868 26464 27273 27339 27339 27313 24826 24826 24839 22171 22171 25665 30888 26506 26506 27314 26520 26520 27326 21341 21341 23216 28155 32187 26573 32165 28885 28885 24893 21396 16572 16572 15629 21616 21616 21602 23377 23377 25106 24246 29059 29059 25930 25966 25966 27592 26793 18747 18747 17779 18732 18732 19702 20659 20659 21602 20659 23390 23390 29081 26757 26757 24207 24233 24233 13811 12742 21602 21602 23429 21616 21616 19716 19716
25706 21313 27300 27300 26492 26464 24812 24812 23054 22185 22185 23966 23979 23979 26493 30211 31502 31502 28063 28832 28832 27326 21341 23216 23216 28155 32187 32187 31569 27366 27366 19503 15568 13607 13607 17764 23403 23403 24259 26769 26769 26757 26757 26745 26745 29774 25942 25942 21616 17794 19745 19745 19759 18803 18803 17824 17839 17839 17809 20701 25153 25153 25118 26757 26757 24207 24233 14769 14769 15784 22523 22523 23416 22496 22496 20673 18732
24894 23994 28806 28806 28050 27286 22158 22158 23953 23966 23966 23966 27326 28832 28832 31514 31502 31502 28063 28832 28832 27326 23138 20492 20492 23190 28898 28898 28156 27417 27417 16572 15582 17721 17721 25106 26769 26769 27570 27558 27570 27570 28308 31724 31724 26731 23377 23377 18761 18775 21670 21670 28393 25177 25177 20714 16814 17809 17809 20701 25153 25153 25118 23350 23350 25080 22482 13794 13794 20673 24259 24259 24246 24246 24246 22469 23377
23164 28103 27300 27300 23108 23094 26478 26478 23953 23080 23080 23966 27326 28832 28832 31514 28063 28063 29555 29541 29541 26520 24008 20492 20492 19503 25773 25773 27430 23256 16619 16619 13744 15706 15706 25930 25942 25942 26769 28319 27558 27558 28319 26731 26731 20617 17750 17750 19731 21616 23453 23453 28393 25177 25177 20714 16814 15831 15831 14845 17794 17794 20687 17779 17779 16784 13828 14784 14784 14753 21561 21561 24246 24246 21533 21533 23337
27378 25720 23164 24022 24022 23094 26478 26478 23953 23080 23080 26506 30888 27313 27313 24840 23979 23979 27313 28845 28091 28091 28117 20464 20464 19545 22350 22350 22363 19559 17735 17735 12723 15737 15737 21423 25904 25904 28330 30471 26757 26757 21561 18732 18732 20659 17750 19731 19731 21616 23453 23453 24308 31763 31763 25177 20714 15831 15831 14845 16798 16798 18761 12775 12775 17794 21629 20672 20672 20645 21561 21561 24245 24233 23350 23350 18675
27378 25720 23164 24022 24022 23994 24827 24827 26507 27314 27314 27300 31514 27314 27314 23979 23123 23123 24827 27326 27326 27326 31581 30335 30335 24142 21451 21451 21493 15721 13726 13726 16740 21451 21451 22309 26769 26757 26757 25106 24246 26757 21561 18732 18732 20659 20673 23403 23403 30490 25978 25978 25153 29123 29123 24308 22537 17794 17794 19759 21643 21643 20701 18775 21643 21643 21602 21602 21602 21602 22482 22482 24259 23364 22443 22443 19660
27379 22266 22254 23979 23979 25665 26493 26493 26506 28050 29540 29540 30236 28832 28832 26506 23094 23094 24907 24894 23177 23177 24948 20478 20478 17556 20506 20506 22468 15706 15737 15737 16619 24088 24088 22309 26769 26757 26757 25106 24246 24246 25118 26782 26782 19688 15753 21616 21616 24272 24284 24284 23416 20701 19744 19744 22549 23453 23453 22561 25165 25165 14830 15831 21616 21616 25142 25142 25142 22510 23390 23390 24272 26793 22482 22482 19660
21354 21354 24867 24854 24854 26493 27314 27314 32676 31525 28063 28063 27313 25679 25679 24854 25719 25719 26586 20450 17602 17602 16588 16588 16588 14599 14677 14692 14692 13744 15737 15737 16619 24088 24088 25812 25930 26757 26757 31116 31116 31116 24246 19674 19674 19674 21588 16769 16769 23403 25966 25966 25142 19731 17794 17794 15830 18788 18788 25165 24320 24320 20714 18803 23428 23428 24296 22523 22523 23403 23389 24272 24272 26793 22482 22482 21574
21382 21382 24007 26520 26520 28064 27300 27300 32132 27327 27327 27327 28076 24839 24839 25707 23177 26599 26599 24948 19517 19517 15538 15582 16588 14599 14677 14692 14692 13744 16695 16695 24088 27522 27522 28319 26731 31733 31733 24233 22469 22469 18704 19647 24207 24207 24207 20617 20617 22496 25118 25118 25130 22510 20714 20714 19759 21643 21643 29844 28382 28382 21656 11855 23441 23428 24296 22523 22523 23403 23389 24259 24259 23390 20630 20630 22482
24920 24920 28091 28076 28076 30901 31547 31547 27327 25680 25693 25693 28103 25720 25720 22241 20437 22309 22309 24948 19517 19517 15538 15582 15582 22469 20645 13744 13744 16725 23350 23350 25027 31116 28319 28319 26757 25930 25930 22456 21561 21561 22456 26745 25067 25067 25067 22430 22430 23364 25118 25118 26782 25142 23429 23429 21643 22537 22537 30516 28382 21656 21656 11855 23441 23441 23441 24296 24296 24284 24272 25954 25954 24259 23376 23376 23364
27391 27391 30901 32720 32720 29580 27314 28077 28077 24008 22282 22282 25733 25720 25720 22241 20437 22309 22309 17542 16528 16528 17572 22456 22456 25942 24272 19702 19702 16740 23364 23364 24233 26757 25942 25942 25106 27558 27558 27558 26769 26769 29785 31724 30438 30438 29033 25067 25067 25093 25954 31750 31750 28351 23429 23429 21643 22537 22537 30516 22573 19789 19789 15831 23441 23441 25165 28362 28362 29102 25978 31750 31750 24272 22481 22481 29818
