BASIN_DATA/DATA/7339001/morph_cr2soil/soil_class_horizon_02.asc
NCOLS 384 
NROWS 512 
XLLCORNER -72.75 
YLLCORNER -36.5 
CELLSIZE 0.001953125 
NODATA_value -2147483647 
[rows 476 to 509 of 512, columns 231 to 307 of 384]
14419 13403 13403 19361 22129 22129 22143 15369 15382 22143 15382 14391 14391 16358 14337 14337 14337 22115 22115 14378 16399 14432 14432 14612 16555 16555 12552 14597 14597 18543 17512 18428 18428 15382 17372 17372 17385 25662 24824 24824 17371 25677 25677 15422 15450 15450 15369 17359 17440 17440 17454 15409 15409 15382 14365 14365 15355 15341 15327 15327 15341 22143 22143 23024 16345 16345 18346 22143 16358 16358 16332 15341 15341 23009 17331 17331 16266
19375 17387 13403 19361 22129 22129 22143 15369 15383 15383 14378 15355 15355 13330 13330 13330 17359 23951 17412 17412 13432 12521 12521 16570 22320 22320 15566 12490 20449 20449 16498 15436 15436 13359 15368 15368 16345 23078 23951 23951 23951 24757 24757 15422 15450 15450 15369 17359 16371 16371 15450 20322 20322 23052 22143 22143 14337 12310 15312 15312 16358 14378 14378 14378 20281 20281 21215 19319 19305 19305 22115 19305 19305 18346 15288 15288 14297
19375 17387 17387 19333 20281 20281 14391 12353 16371 16371 16386 16371 16371 13346 14392 14392 16386 17399 16526 16526 13508 16540 16540 13540 14580 14580 17571 16541 13492 13492 16470 16441 16441 15341 15327 15327 15354 17412 23951 23951 23951 24757 24757 16440 16411 16411 14446 15355 17359 17359 17440 16385 16385 14352 23038 23038 23923 15355 13330 13330 17345 13303 13303 16319 22996 22996 20254 14352 16332 16332 20295 19319 19319 17331 15300 15300 14325
20309 22129 22129 13330 14391 14391 15382 15382 15383 15383 17387 16386 16386 17387 14418 14418 17441 15507 15522 15522 17512 18542 18542 17554 22320 22320 22307 18529 15494 15494 13433 15382 16441 15341 15327 15327 15354 17412 15423 15423 16426 21228 21228 25622 20350 20350 15423 15396 16358 16358 23038 18359 18359 14365 21229 21229 21215 14352 22102 22102 20227 21187 21187 14337 15312 15312 15312 21187 18332 18332 17345 17317 17317 22115 15288 14325 14325
15370 16372 16372 15396 15382 15382 15369 16385 16371 16371 16386 16400 16400 22170 19402 15508 15508 16512 17498 17498 17498 16540 16540 18528 16526 14549 14549 18529 15494 15494 13433 15382 15382 22182 23909 23909 23909 13373 16399 16399 18386 16358 16358 18358 22211 16426 16426 22128 21200 21200 20268 17372 17372 16358 23038 22128 22128 19279 20254 20254 15327 12268 12268 22970 21172 17331 17331 18304 19305 18332 17345 17317 17317 22115 15288 14297 14297
15383 14404 14404 17372 16371 14365 14365 18359 15382 15382 17399 18386 18386 21283 17440 17483 17483 17497 18487 18487 22281 16540 16540 18528 16526 14549 14549 17512 17497 17497 14475 13402 13402 14418 21268 14378 14378 14365 16412 16412 15382 18359 18359 24796 25677 15409 15409 12383 12338 12338 17331 17359 17359 17345 22143 23008 23008 18332 19305 19305 16332 22089 22089 22970 21172 17331 17331 18304 19305 19305 19319 18346 18346 17302 19254 17264 17264
16371 17359 17359 23052 18359 20295 20295 16385 15382 15382 16385 17386 17386 18386 19375 17483 17483 17497 18487 18487 22281 16540 16540 15552 20435 15507 15507 15479 22239 22239 23106 14404 14404 16412 14405 13373 13373 23963 24783 24783 23910 25634 25634 25649 17398 16425 16425 23064 16412 16412 16371 17345 17345 18346 16345 22102 22102 18332 19305 19305 16332 22089 22089 22088 15312 16345 16345 17331 19305 19305 21215 23897 23897 15275 17276 18264 18264
16371 19347 19347 17372 15355 15369 15369 17386 15369 15369 16385 17386 17386 18386 19375 17483 17483 18472 24048 24048 15479 17512 17512 15507 18500 18486 18486 14490 14446 14446 19347 23078 23065 23065 13346 13330 13330 15369 15354 15354 15382 24824 19332 19332 17398 14418 14418 12383 12383 12383 14404 17345 18346 18346 16345 22102 22102 18332 14337 14337 15327 22102 17317 17317 17331 16345 16345 15341 18332 18332 17317 14283 17264 17264 18250 16279 16279
23024 23039 16345 16345 16345 15369 15369 17386 15369 15369 16371 17359 23065 23065 27285 15436 15436 15507 17527 17527 19488 18528 17512 17512 23175 23136 23136 18456 16426 16426 14391 20322 23078 23078 17386 23078 23078 23910 23023 23023 15382 17412 22168 22168 14378 16332 14418 12383 12383 12383 14404 14337 17345 17345 18346 17345 17345 17359 18332 18332 17345 16332 18332 18332 20281 18332 18332 16332 17317 17317 20187 16253 15250 15250 16305 16319 16319
23024 23039 16345 16345 16345 16358 16358 20322 20281 20281 17399 18400 17426 17426 18359 16441 16441 17512 19459 19459 19473 24060 18500 18500 20395 18456 18456 16469 14432 14432 13359 16385 13359 13359 11306 19361 19361 15355 14391 14391 15382 17412 22168 22168 14378 16332 16332 15368 14431 14431 13402 15423 14352 14352 17302 18332 18332 17331 19305 19305 15341 17331 16345 16345 22129 16319 16319 17317 18264 18264 20187 16279 17251 17251 18277 18277 18277
18319 16333 20282 20282 18332 16358 16358 18373 17359 17359 16358 16345 19375 19375 18346 18386 18386 15423 18472 18472 17512 18486 23175 23175 21339 17468 17468 16469 16426 16426 23951 22169 12324 12324 14392 19361 19361 15355 14391 14391 15369 15341 20281 20281 15355 13345 13345 23909 17358 17358 15422 15435 14446 14446 14378 16305 16305 17345 22115 15327 15327 16345 13316 13316 17331 17276 17276 17264 20214 14325 14325 16332 16371 16371 16358 16371 16371
17303 16333 20269 20269 17331 17345 17345 17372 23937 23923 23923 17359 18359 18359 24797 20322 20322 18373 23992 24033 24033 16483 18472 18472 18472 15479 15479 17468 17426 22169 23951 22169 12324 12324 14392 14392 14392 13360 12311 12325 12325 16385 16412 16412 12324 13373 13373 23922 22114 22114 22114 21268 15435 15435 15424 15341 15341 14337 16332 21215 21215 13303 16332 16332 21147 17251 17251 16305 15327 23024 23024 23910 16371 16371 16358 16371 16371
16319 16332 20254 20254 23897 23897 23897 23923 17359 16358 16358 17359 21229 21229 18346 22156 22156 23052 14378 16412 16412 16469 17483 17483 18472 15479 15479 17468 17426 22169 22169 14404 14404 14404 15396 14392 14392 13346 15356 16371 16371 12339 11320 11320 12296 21241 21241 23909 13359 14365 14365 15368 23991 23991 14432 15409 15409 16319 19292 17331 17331 15327 22102 22102 22957 19279 17251 16305 15327 23024 23024 23910 18332 18332 18332 18346 18346
16320 15313 18318 18318 15328 16333 16333 16358 17359 18318 18318 21201 16332 16332 20268 17345 17345 16345 20295 16412 16412 16469 17483 17483 20408 18472 18472 18456 17440 21283 21283 13388 12353 12353 14404 18360 18360 17372 23052 22156 22156 13330 12338 12338 12338 20254 20254 20280 11277 11277 11277 22169 24796 24796 21296 15409 15409 16332 16345 15312 17331 15327 22102 22102 22957 19279 19279 19292 22115 22129 22129 18318 16358 16358 16358 18346 18346
16292 22983 23857 23857 16345 19292 19292 17345 16345 20268 20268 22996 21187 16332 20268 17345 17345 16345 20295 18346 18346 23092 23149 23149 15479 18442 16455 16455 16455 15436 15436 17412 12353 12353 18386 17387 13346 13346 14366 15369 15369 15382 13345 13345 17386 18290 14325 14325 12268 14352 14352 23038 23963 23963 21296 15409 16332 16332 16345 15312 15312 16319 22996 22996 18318 18304 20254 20254 18332 19306 19306 18332 20281 20281 20281 23038 20268
25585 25585 16305 16305 22102 23910 24770 24770 16345 20268 20268 22996 21187 21187 15327 16358 18318 18318 18333 16371 16371 18359 19375 19375 15450 15450 22239 22239 16469 15450 15450 19388 22169 22169 15423 15382 16385 16385 17399 21269 21269 23977 10328 10328 13388 16305 14311 14311 11236 14352 14352 23038 23963 23963 15435 15409 16358 16358 16319 21187 21187 19279 18318 18318 17346 15342 17345 17345 23898 20255 20255 18305 21216 21216 18333 28740 17346
17317 16305 16305 16305 22102 23910 24770 24770 15341 17345 17345 20254 19279 19279 17317 17331 16345 16345 16358 18346 18346 22157 20309 20309 18400 21324 17440 17440 19416 17468 17468 19416 17426 17426 12383 16399 14404 14404 16399 15396 15396 23038 16358 10328 13388 16305 14311 14311 11236 13303 13303 13329 14431 14431 14446 18346 19292 19292 20227 14311 14311 17317 19293 19293 22115 19280 19293 19293 23885 16320 16320 17318 17346 17346 23938 16359 18305
17317 16305 16332 16332 22115 17331 17345 17345 17345 16332 16332 17331 16319 16319 18304 18250 18305 18305 16332 17345 17345 18332 18346 18346 18373 19375 17454 17454 18428 18442 18442 17454 17440 17440 15436 17426 15396 15396 16399 15396 15396 23038 16358 16358 13330 13303 13290 13290 16292 15300 15300 13329 14431 14431 15423 16332 16319 16319 16332 17318 17318 17332 23010 20228 20228 20242 19293 19293 21202 18319 18319 20255 17331 17360 17360 18305 17277
18277 18277 17332 17345 17345 18332 18332 18332 17346 16332 16332 18304 16319 17302 17302 17302 25536 25536 19243 19279 19279 15327 19319 17359 17359 22169 18373 18373 19388 18442 18442 17454 17440 15436 15436 17426 15396 15396 16412 14378 14378 16358 14365 16292 16292 16305 17302 17302 14297 14311 14311 23037 21282 15409 15409 17345 21215 21215 18319 21216 21216 23010 22103 23871 23871 23025 19292 19292 17346 17332 17332 17332 16346 17318 17318 18305 17277
18290 19292 19279 16332 16332 19292 17331 17331 16346 15355 15355 17346 17331 17317 17317 19266 22077 22077 22945 29428 29428 17303 23911 18332 18332 16358 16385 18373 19388 18442 18442 17454 16455 13432 13432 17426 15409 15409 17386 13359 13359 13330 14311 17289 17289 17289 16305 16305 22076 19279 19279 15408 15409 15312 15312 18346 19320 19320 21215 19293 19293 18319 20255 23025 23025 24771 17318 17318 17318 17332 17332 17332 16346 17318 17318 17290 20214
16319 18318 17331 17331 17331 17359 16358 16358 17345 17345 17345 18318 21216 18318 18318 18304 17289 17289 16280 17276 17276 17303 23911 18332 18332 16358 16385 16385 16385 16441 16441 15436 15436 18442 18442 18400 17386 17386 17331 12268 12268 17345 23845 21147 21147 17289 15300 15300 19266 16399 16399 16441 18318 19305 19305 23053 23025 23025 17345 17346 17346 19292 18304 23025 23025 24771 17318 17318 17318 18291 18291 17251 17264 16279 16279 17276 17290
15327 15327 18318 20268 20268 19305 16358 16358 16345 18332 18304 18304 17331 17302 17302 15327 17289 17289 16280 17276 22957 22957 23846 16332 16332 20268 23009 23009 16385 19347 18373 18373 18414 16441 16441 17317 16305 16305 22089 17317 15327 15327 22983 14271 14271 14297 15300 15300 14337 16385 17317 17317 17331 16346 16346 16371 20269 23025 17345 17346 19292 19292 18304 19267 19267 19267 16266 16266 17251 17251 18237 18237 16266 14283 14283 18319 17360
17331 17331 17331 23884 23884 24720 19305 19305 16345 18318 18304 18304 17331 17302 17302 15327 16319 16319 16319 17303 16320 16320 23845 23832 23832 17317 19292 19292 21201 16371 19319 19319 17359 20281 20281 16319 21147 21147 17302 17317 15341 15341 14352 14311 14311 14297 14325 14325 15327 16305 16345 16345 17331 16346 16346 16371 20269 20269 20269 20242 21202 21202 21202 19267 19267 22051 21106 21106 16266 16253 16293 16293 16359 18347 18347 17373 22157
17345 17345 16332 16319 16319 24720 19305 19305 16345 18318 18304 18304 15327 21173 21173 16345 16332 16332 25585 16319 17345 17345 15327 18264 18264 18264 21201 21201 17317 23832 19254 19254 17302 19266 19266 17302 17317 17317 13303 18318 15312 15312 18304 23857 23857 15300 14325 14325 15327 16305 16345 16345 18346 19320 19320 22157 18333 18333 20255 20228 19266 19266 15288 21119 21119 21106 18238 18238 18265 17332 17346 17346 19306 18333 18333 21230 19320
17345 17345 16332 16319 16319 17317 25547 25547 21160 24720 24707 24707 23857 17331 17331 15327 17345 17345 16332 16319 15327 15327 16319 16319 16319 17276 21147 21147 19242 15262 17264 17264 19292 18318 18318 18237 22931 22931 22026 18277 17302 15312 18304 23857 23857 15300 19279 19279 22115 17454 16358 16358 17346 19333 19333 27245 22103 22130 22130 21174 18291 18291 23819 21119 21119 18251 17277 19292 19292 18333 17346 17346 19320 27258 27258 20296 19320
18250 18250 17331 18237 18237 18277 18290 23857 23857 23857 18277 18277 17331 16345 16345 16332 23009 18318 18318 17345 24770 24770 22996 16305 16305 18304 21147 19229 19229 18237 18237 18237 20172 19216 19216 18237 22931 22026 22026 18277 17302 17302 12268 16319 16319 15341 15327 17331 17331 15355 16358 16358 17360 16359 16359 17373 19293 18305 18305 15288 21134 21134 17251 18251 18251 17303 18319 22130 22130 23898 22130 22130 23885 28703 28703 22984 26371
19254 19254 15288 19254 19254 20201 15288 19266 19266 17302 17317 17317 15327 16319 16319 18318 16345 16358 16358 22996 18304 18304 19279 19279 19279 16332 16305 19242 19242 16266 18237 18237 20172 19216 19216 18237 16253 17264 17264 19216 18250 18250 17289 16305 16305 14337 16332 16345 16345 17372 18360 18360 18347 20282 20282 18347 19320 18319 18319 17318 21160 21160 15301 18278 18278 19293 19376 17332 17332 20269 19306 19306 23885 28703 28703 22984 26371
19266 19266 17317 18290 18290 18264 18250 18277 18277 15355 17331 17331 15327 14352 14352 17346 18332 23024 23024 17345 15341 15341 18332 16345 19279 16332 16305 19242 19242 16266 24694 24694 18264 19242 19242 18250 14271 16265 16265 19216 18237 18237 22051 22944 22944 21173 15341 17359 17359 17372 20282 20282 18347 18347 18347 18333 17360 17303 17303 17302 15313 15313 17303 17318 17318 18305 19376 17332 17332 20269 19306 19306 19293 22984 22984 27912 21135
18290 18290 27190 17302 19254 19254 18277 17331 17331 15327 16332 16332 21215 19292 16345 16345 15327 17345 17345 17345 15341 15341 18332 16345 15312 15312 17331 17302 17302 17276 19254 19254 18277 17302 16305 16305 16292 19203 19203 19242 18250 18250 16292 14325 15341 15341 16526 16540 16540 15580 15523 15523 18347 19320 19320 19320 20242 22983 22983 20228 15313 15313 17303 17318 18305 18305 19293 20255 20255 23911 28715 28715 18319 17373 20242 20242 23858
19292 19292 18277 23870 26370 26370 18290 18304 18304 20254 20268 20268 15327 19292 16345 16345 15327 17345 17345 17345 20254 20254 16345 15327 17317 17317 17317 15287 15287 16305 17302 17302 15312 22102 20241 20241 14325 14297 14297 17302 17317 17317 15327 20268 14378 14378 20448 20476 20476 14580 16372 16372 22144 21202 19320 19320 20242 22983 22983 20228 19293 19293 19280 19293 18319 18319 20242 18291 18291 19293 18333 18333 16346 18360 21230 21230 18347
16333 16333 17302 17289 27203 27203 16319 16305 18304 20254 20268 20268 15327 14490 17497 17497 18318 15312 15312 17317 21201 21201 18318 18277 17301 17301 17288 19241 19241 15274 16305 16305 15327 22102 22115 22115 17317 16319 16319 16332 16345 16345 22076 20227 17345 17345 16497 18528 18528 14580 16372 16372 22144 21202 21202 21202 18347 20282 20282 18319 19293 19293 23871 21161 17332 17332 20255 18291 18291 23885 17346 17346 19320 18347 15370 15370 18347
17289 17289 21174 17289 27203 27203 16319 16305 16305 17302 15327 15327 14490 14490 14505 14505 17331 16332 16332 18304 19292 19292 22063 20200 18263 18263 23844 15287 15287 15287 16319 16319 16319 15300 15300 15300 16292 16332 16332 16358 16358 20241 20241 20227 17345 17345 16497 18528 18528 16571 16372 19320 19320 19320 19293 19293 21216 19320 19320 19306 19293 19293 19293 17318 17332 17332 17332 19293 19293 19293 19293 18347 18347 17345 18359 18359 18332
17289 21174 21174 22076 17302 17302 16319 17331 17331 15327 15507 14505 14505 14490 19292 19292 22102 18318 18318 15355 15327 18290 18290 18276 22075 22075 20226 17331 17331 16332 16305 17302 17302 21173 15288 15288 16292 16345 16332 16358 16358 20241 20241 21160 16319 16319 16497 20462 20462 15567 16372 20282 20282 28011 19320 19320 22144 20282 20282 23911 24812 18387 18387 18319 18319 18319 16346 18305 18305 18333 19306 22130 22130 18305 18265 18265 17265
21174 22984 22984 22971 19267 19267 16320 16333 16333 22076 15328 16512 16512 19305 16345 16345 16319 19254 19254 15312 16319 15312 15312 16318 17301 17301 15311 22143 22143 15341 13290 12254 12254 21173 15288 15288 16292 16345 16345 14352 16345 19305 19305 18318 19445 19445 19487 15507 15507 16527 14353 16359 16359 18347 23025 23025 27258 19293 19293 19293 26422 24759 24759 20242 19280 19280 19267 20227 20227 19266 18237 18250 18250 18264 18277 18265 17265
