BASIN_DATA/DATA/7339001/morph/dem.asc
ncols        384
nrows        512
xllcorner    -72.750000000000
yllcorner    -36.500000000000
cellsize     0.001953125000
NODATA_value -9999
[rows 304 to 341 of 512, columns 85 to 169 of 384]
526 486 489 470 470 463 441 427 437 462 461 472 490 485 495 525 544 558 578 589 589 582 548 507 470 447 396 364 340 325 308 261 224 211 218 222 222 218 207 202 202 196 181 171 170 188 193 186 192 200 196 203 203 219 227 229 225 219 217 205 204 212 222 229 237 246 239 230 230 231 246 231 236 223 210 215 208 200 192 185 173 166 162 164 164
491 470 455 446 446 442 420 441 460 484 491 489 485 498 508 519 543 559 568 586 586 597 582 542 483 454 421 397 379 361 317 258 222 203 194 183 183 179 178 175 174 171 166 166 180 209 221 204 210 223 212 195 195 198 207 225 241 244 232 217 207 210 224 228 243 255 253 248 248 249 250 251 246 235 230 224 219 196 183 176 171 164 162 167 167
525 493 475 471 471 464 443 424 431 475 517 508 500 517 538 550 540 530 545 556 556 547 527 508 464 410 377 344 319 302 281 249 210 196 196 193 193 183 174 168 166 165 165 176 212 238 236 231 241 238 217 213 213 207 208 229 246 252 245 230 213 226 220 217 223 232 232 241 241 246 253 261 258 242 227 212 203 192 193 188 175 169 163 174 174
559 516 480 465 465 469 466 445 404 442 474 468 495 515 517 531 535 496 488 520 520 519 485 451 441 428 396 355 313 281 244 220 201 201 207 205 205 190 182 173 167 163 164 172 208 254 277 276 263 244 240 234 234 226 221 218 225 240 253 239 221 234 237 232 234 224 225 222 222 229 237 259 271 268 249 234 220 213 211 194 179 173 165 176 176
545 504 473 457 457 460 460 434 398 405 421 450 487 476 471 486 486 454 431 457 457 469 453 418 384 397 396 379 328 279 232 210 212 223 236 232 232 223 202 182 173 169 164 165 178 231 263 252 240 238 240 242 242 247 241 234 229 230 245 251 240 231 247 253 243 238 233 232 232 233 230 248 261 275 282 276 260 262 262 220 198 176 166 175 175
503 473 452 457 457 424 437 448 409 404 428 430 436 436 455 463 444 414 378 376 376 388 377 352 326 321 320 316 290 235 218 221 228 229 242 258 258 257 219 191 193 190 180 174 167 180 202 200 203 220 231 243 243 254 261 254 251 245 242 255 256 247 253 264 263 254 241 246 246 248 235 233 250 264 270 273 275 285 285 275 226 179 167 171 171
477 446 427 437 437 412 415 431 393 397 413 432 447 443 443 456 455 422 373 358 358 340 327 311 301 290 273 262 249 232 244 253 264 262 272 274 274 256 224 209 227 224 212 206 185 169 167 174 188 206 214 223 223 238 256 264 264 261 264 268 268 262 266 273 279 261 261 260 260 254 244 243 237 245 250 256 259 245 234 234 203 173 168 178 178
477 446 427 437 437 412 415 431 393 397 413 432 447 443 443 456 455 422 373 358 358 340 327 311 301 290 273 262 249 232 244 253 264 262 272 274 274 256 224 209 227 224 212 206 185 169 167 174 188 206 214 223 223 238 256 264 264 261 264 268 268 262 266 273 279 261 261 260 260 254 244 243 237 245 250 256 259 245 234 234 203 173 168 178 178
470 441 421 398 398 385 406 409 380 413 445 468 471 469 454 459 446 431 418 403 403 358 342 340 329 323 308 291 265 251 278 299 307 321 331 316 316 284 262 248 254 246 241 235 200 173 166 168 175 192 219 238 238 256 256 241 243 248 259 268 275 277 277 281 285 281 285 277 277 263 257 253 245 250 256 267 272 248 212 191 180 176 173 184 184
437 443 414 397 397 380 367 380 381 433 469 493 492 485 474 476 484 489 481 449 449 419 412 386 375 361 341 299 269 277 305 320 345 371 368 346 346 332 309 275 249 228 223 221 192 172 167 170 173 177 186 204 204 227 230 224 234 249 271 279 279 277 281 287 295 295 297 287 287 274 279 267 253 263 263 279 296 267 219 194 184 182 182 178 178
436 452 430 417 417 389 354 370 393 432 452 467 491 488 497 505 500 521 524 495 495 461 424 392 360 335 317 294 277 301 340 371 389 394 389 386 386 360 310 278 264 253 223 203 190 174 166 172 184 194 192 199 199 201 207 215 236 256 273 274 272 272 271 279 285 290 298 294 294 288 288 277 263 260 268 276 269 239 208 196 191 186 188 181 181
392 439 448 424 424 385 348 364 395 415 435 445 441 438 456 454 464 491 487 475 475 459 454 432 396 360 329 304 311 333 374 391 389 377 355 372 372 373 344 328 326 294 245 209 189 176 167 178 195 218 217 213 213 225 229 233 233 255 261 257 259 262 271 278 281 284 290 297 297 301 291 279 266 266 273 278 252 230 224 210 201 193 188 185 185
378 404 443 411 411 383 350 352 371 402 424 411 404 410 415 415 443 448 445 437 437 429 445 461 435 417 368 367 379 369 386 391 363 332 312 310 310 320 332 342 322 283 249 240 221 198 169 170 186 218 235 229 229 222 220 232 231 239 249 247 257 278 294 298 295 295 292 301 301 308 298 292 281 280 289 303 291 284 271 233 213 206 196 191 191
375 381 438 416 416 351 344 368 393 396 390 372 376 397 387 405 424 408 416 415 415 413 430 449 472 443 406 446 458 428 427 394 351 321 301 313 313 296 275 268 254 221 202 209 224 201 170 168 177 199 220 217 217 213 206 206 210 223 233 251 265 273 293 315 311 298 299 308 308 312 312 313 304 294 312 344 363 350 313 278 245 222 208 200 200
346 370 413 382 382 341 382 400 416 405 385 358 357 382 372 393 401 391 383 399 399 408 419 446 465 477 471 506 519 504 480 436 385 352 352 353 353 317 290 271 256 248 214 204 197 186 173 170 190 204 199 200 200 203 207 206 210 215 216 227 236 242 262 291 309 289 290 294 294 298 306 317 321 316 351 383 415 404 374 349 306 268 229 215 215
352 332 339 332 332 343 395 389 385 404 403 364 339 355 356 378 366 368 381 408 408 423 435 431 440 471 499 522 515 524 530 492 427 423 432 411 411 359 328 307 293 271 241 244 245 215 183 170 180 195 201 210 210 223 226 222 222 223 224 219 217 221 226 246 277 281 272 276 276 280 289 301 323 342 367 396 430 449 426 401 365 320 269 245 245
375 341 324 313 313 335 369 357 350 367 354 340 337 345 350 360 356 364 373 384 384 392 409 411 437 450 456 463 465 488 524 531 479 482 473 427 427 389 397 373 340 302 260 239 242 237 197 174 183 193 214 240 240 246 241 242 242 232 229 225 223 229 227 229 241 252 255 274 274 283 310 311 318 338 365 394 426 459 466 447 408 361 302 261 261
383 335 310 309 309 314 319 318 323 327 329 341 345 350 367 361 358 364 372 384 384 399 413 413 425 432 434 429 455 491 528 536 531 525 491 455 455 453 434 397 363 328 269 220 200 189 174 171 180 193 232 252 252 267 256 257 261 245 236 226 229 238 235 242 239 239 253 268 268 289 303 301 302 329 378 406 437 472 472 443 414 383 336 286 286
343 307 310 326 326 336 331 326 329 327 323 338 373 369 359 366 373 379 387 397 397 418 426 428 425 404 394 383 408 438 454 458 478 482 481 470 470 446 404 365 318 298 266 240 200 172 177 177 188 213 241 265 265 283 286 277 272 251 242 236 236 247 247 251 260 256 256 256 256 268 276 292 306 333 374 414 440 467 477 440 411 392 358 333 333
305 303 319 333 333 355 361 357 342 337 335 335 362 356 359 376 393 404 432 429 429 439 449 455 444 397 363 355 350 357 366 396 403 405 411 395 395 369 335 304 262 245 235 221 190 174 174 190 196 210 242 270 270 295 312 297 280 269 256 248 246 259 265 268 276 283 282 280 280 281 285 298 320 344 373 398 420 446 458 436 415 397 389 384 384
313 303 315 335 335 359 378 384 365 364 352 339 339 341 362 374 397 427 464 453 453 467 491 504 483 436 379 340 318 308 308 323 325 321 346 361 361 333 291 253 225 216 211 186 179 184 173 192 210 221 238 254 254 284 315 317 302 287 272 259 254 263 278 279 288 293 303 310 310 308 307 310 317 342 370 391 410 430 423 412 419 419 404 393 393
322 310 321 334 334 344 366 377 386 383 366 356 347 341 359 370 389 418 459 481 481 465 481 511 509 475 422 385 369 342 324 309 283 265 270 298 298 296 291 263 230 201 186 176 181 182 184 195 202 215 223 237 237 262 295 317 317 305 300 283 274 267 266 271 281 291 300 303 303 320 322 322 326 348 369 387 399 398 372 357 376 386 372 378 378
332 321 349 356 356 350 349 356 375 395 382 361 354 354 357 377 378 401 432 451 451 466 478 504 524 492 467 457 443 413 385 340 300 270 253 238 238 224 220 210 200 192 183 179 195 229 239 243 234 241 244 237 237 259 277 293 319 330 337 317 305 291 288 282 286 299 298 287 287 292 292 292 304 331 360 391 386 366 346 324 327 331 345 365 365
332 321 349 356 356 350 349 356 375 395 382 361 354 354 357 377 378 401 432 451 451 466 478 504 524 492 467 457 443 413 385 340 300 270 253 238 238 224 220 210 200 192 183 179 195 229 239 243 234 241 244 237 237 259 277 293 319 330 337 317 305 291 288 282 286 299 298 287 287 292 292 292 304 331 360 391 386 366 346 324 327 331 345 365 365
369 351 351 362 362 370 366 370 370 378 377 368 375 370 364 385 387 421 437 431 431 443 461 502 533 495 480 487 481 447 407 353 309 298 283 268 268 241 218 206 195 183 181 189 210 236 262 288 289 292 282 267 267 265 296 313 328 332 341 347 331 313 316 292 267 269 276 269 269 269 271 276 290 318 353 369 355 335 315 304 308 294 307 312 312
390 376 374 395 395 402 401 405 397 395 390 382 378 367 375 403 402 405 443 458 458 456 470 498 493 443 453 497 511 461 414 369 356 340 309 301 301 279 246 229 203 181 181 190 201 207 225 255 286 316 329 312 312 309 329 348 359 338 319 329 333 326 338 295 244 238 246 258 258 272 276 278 287 310 323 327 315 288 277 280 274 271 268 274 274
386 401 402 422 422 442 445 450 441 439 430 417 400 378 376 391 416 418 421 447 447 468 457 450 429 396 417 482 500 467 442 415 390 359 316 285 285 271 255 231 209 184 200 193 185 186 196 214 232 265 291 298 298 333 351 328 320 308 265 250 268 271 272 252 225 233 256 279 279 305 315 316 317 302 297 295 283 266 261 264 258 253 254 256 256
363 405 437 453 453 469 473 465 452 459 473 468 436 409 404 415 422 430 427 433 433 454 454 410 379 354 390 464 488 448 424 427 394 370 339 310 310 279 243 216 195 184 209 227 217 199 190 189 192 215 231 245 245 284 319 322 267 227 210 207 219 223 227 221 215 228 247 275 275 299 296 312 311 300 286 287 278 261 250 252 246 245 250 264 264
375 414 425 424 424 442 461 453 423 438 486 498 467 459 448 466 476 472 462 451 451 449 432 385 350 330 372 406 438 437 383 355 332 327 308 284 284 259 225 201 192 186 216 250 249 239 226 203 193 190 193 206 206 226 253 281 260 215 200 213 212 208 206 205 206 210 215 231 231 249 260 264 258 261 267 279 263 248 240 242 240 244 250 265 265
354 398 393 367 367 397 419 401 390 438 464 472 483 491 484 480 483 473 467 459 459 458 412 364 331 309 329 351 389 414 372 311 269 259 248 231 231 211 191 189 193 214 228 257 288 284 259 243 225 213 206 196 196 193 204 217 214 201 220 240 248 242 231 221 213 212 215 211 211 215 223 230 238 251 257 265 251 236 234 239 244 254 261 272 272
328 359 364 339 339 347 365 360 393 427 427 438 440 446 438 441 434 406 399 406 406 437 451 417 366 324 293 308 350 384 369 343 307 272 237 215 215 199 188 200 214 225 238 266 288 288 282 292 267 245 226 217 217 201 198 198 199 210 238 259 264 257 251 245 232 222 220 217 217 215 215 226 249 252 241 237 232 229 231 236 241 244 249 255 255
353 380 353 317 317 355 382 379 381 386 396 405 404 384 384 388 393 359 350 353 353 406 448 447 397 341 287 295 330 328 320 331 342 322 285 241 241 208 189 203 214 223 237 256 263 268 285 302 292 264 239 218 218 204 206 212 218 221 224 228 246 249 249 252 250 241 241 238 238 226 220 220 231 230 231 230 228 228 233 232 233 233 236 238 238
379 385 345 311 311 365 403 400 397 399 400 387 361 337 338 340 365 349 321 310 310 351 386 380 375 348 280 299 351 329 297 289 299 305 284 251 251 217 193 197 214 228 239 240 241 252 269 273 275 260 245 222 222 204 207 221 233 240 244 233 239 246 249 252 256 254 259 257 257 243 231 227 225 224 228 226 227 228 226 227 227 228 233 238 238
341 376 361 314 314 326 355 388 419 439 441 417 370 351 315 306 317 321 308 280 280 300 319 309 325 314 267 289 337 354 326 306 285 267 252 235 235 217 197 192 201 228 233 232 231 246 248 249 255 267 252 224 224 210 208 226 234 234 235 234 240 248 251 257 261 259 261 264 264 253 242 235 231 231 234 236 236 234 229 231 230 232 233 237 237
341 373 365 315 315 317 355 392 425 446 465 428 407 379 337 294 269 291 300 284 284 256 255 268 293 280 251 271 319 347 327 315 309 285 268 247 247 229 220 213 199 197 206 214 220 228 235 246 253 258 244 237 237 224 220 219 217 220 225 231 241 254 260 263 265 267 266 269 269 267 254 243 239 238 241 244 243 241 237 232 230 231 234 241 241
338 358 359 304 304 324 357 366 394 450 462 403 359 333 302 278 260 254 264 262 262 246 229 252 276 272 245 239 265 283 292 275 272 254 250 257 257 246 226 215 205 199 215 224 234 250 250 250 254 255 257 255 255 250 249 240 236 229 223 227 233 250 275 284 283 281 282 278 278 274 267 261 252 249 255 258 256 253 248 244 238 233 233 242 242
359 356 334 288 288 326 391 436 440 467 455 400 355 313 296 281 266 259 249 239 239 231 220 228 239 233 227 218 212 215 220 221 233 231 213 213 213 216 221 214 199 200 215 233 250 258 255 257 261 266 268 289 289 300 282 264 249 234 233 231 231 243 264 291 307 308 298 274 274 265 261 260 261 263 268 271 272 266 260 263 259 240 234 247 247
357 344 284 285 285 355 418 453 468 473 440 402 354 320 289 277 277 271 265 251 251 240 215 211 217 224 228 227 221 228 230 215 211 213 212 228 228 222 205 204 218 209 216 225 233 248 266 271 285 294 282 303 303 322 302 275 255 243 247 241 235 238 255 289 302 286 270 257 257 253 252 253 255 259 263 272 281 284 281 287 286 255 236 254 254
