BASIN_DATA/DATA/7339001/morph/dem.asc
ncols        384
nrows        512
xllcorner    -72.750000000000
yllcorner    -36.500000000000
cellsize     0.001953125000
NODATA_value -9999
[rows 266 to 303 of 512, columns 170 to 254 of 384]
209 198 216 220 220 212 204 189 173 164 157 155 151 151 148 148 149 147 148 162 174 181 188 185 176 171 168 166 163 160 155 155 155 162 166 163 159 165 166 158 157 153 148 145 151 154 148 148 144 145 152 154 152 156 158 164 168 169 171 163 156 157 157 157 163 160 156 163 163 156 158 174 188 192 189 177 184 194 195 195 190 178 161 160 159
202 186 196 193 198 187 186 177 175 169 162 163 156 151 145 145 145 148 159 170 184 183 182 180 183 180 180 176 170 162 155 155 158 166 171 166 161 162 161 158 156 155 149 148 153 152 147 147 144 150 160 163 164 160 170 171 172 178 177 163 163 162 163 163 166 163 163 166 171 165 164 170 177 196 215 199 197 189 191 191 180 175 150 143 140
204 190 176 172 174 164 165 163 157 149 147 154 149 149 146 146 151 169 180 184 189 186 187 184 181 176 176 167 160 158 159 159 158 161 167 169 166 159 157 154 153 153 150 153 154 152 147 147 144 148 158 164 168 166 170 175 178 183 173 169 169 170 179 179 177 178 176 174 179 177 170 176 183 192 195 193 192 172 162 162 152 143 136 136 135
185 187 188 178 173 165 152 148 147 146 146 145 146 145 147 147 161 180 191 190 187 189 189 181 175 168 165 162 161 166 166 166 161 162 168 174 169 161 161 156 153 153 156 158 158 158 151 151 145 150 154 160 163 169 173 173 177 174 167 171 174 178 183 183 185 189 190 192 190 187 180 184 191 184 172 167 172 158 144 144 141 136 135 137 137
179 178 194 194 182 157 150 148 148 148 150 147 146 148 157 157 168 181 191 184 182 187 189 182 178 173 173 170 171 175 169 169 168 165 169 177 171 167 164 159 156 156 158 161 163 159 147 147 145 151 158 163 167 171 174 176 180 176 169 179 180 187 188 188 188 186 188 191 189 188 190 191 197 187 178 165 150 140 138 138 137 135 137 137 139
172 168 179 175 152 150 149 148 152 152 154 150 146 155 158 158 165 179 187 183 175 182 189 189 190 184 189 184 181 181 178 178 175 171 172 180 178 172 167 163 160 159 159 162 156 151 145 145 144 149 156 164 169 173 172 177 183 176 175 180 183 185 181 181 177 178 170 178 180 181 184 181 176 183 172 168 147 138 139 139 136 135 138 138 139
161 156 152 150 149 152 153 153 152 154 153 148 145 159 169 169 166 168 175 174 175 175 178 184 191 191 190 188 188 186 184 184 182 177 175 183 178 175 172 166 161 158 157 161 159 152 145 145 145 146 148 155 159 160 165 176 180 169 169 171 173 173 177 177 167 162 160 169 168 166 168 170 164 167 162 149 137 136 135 135 135 136 137 138 140
151 148 151 154 155 167 167 167 156 164 152 146 149 162 167 167 160 165 167 171 175 172 170 179 185 183 181 181 184 181 184 184 185 184 187 189 178 170 165 159 154 154 155 159 164 150 145 145 146 150 150 155 159 158 165 172 168 158 156 159 163 167 166 166 168 161 153 158 159 155 154 157 153 150 149 141 136 135 135 135 136 137 136 138 141
154 161 168 169 168 170 169 165 160 167 153 147 149 155 158 158 168 178 176 172 175 175 168 170 175 176 171 175 177 172 177 177 178 180 187 185 173 167 163 154 150 151 154 163 161 147 146 146 148 159 155 155 158 159 165 168 165 155 154 158 163 162 159 159 159 159 154 149 153 149 147 147 144 143 141 136 135 136 137 137 136 136 136 138 142
168 166 170 171 170 170 168 163 168 166 153 149 152 163 173 173 184 186 182 177 170 169 163 164 164 163 165 167 170 173 178 178 178 180 188 180 164 156 153 151 151 150 151 164 160 148 146 146 151 162 159 156 157 159 161 163 160 154 148 155 160 159 151 151 150 150 151 145 146 148 144 143 140 139 138 136 137 137 138 138 136 137 137 137 143
174 172 174 175 171 170 170 169 169 165 149 148 154 159 162 162 170 182 183 181 172 169 166 163 160 169 182 180 172 165 168 168 170 168 172 159 154 152 153 154 154 151 150 158 154 147 148 148 158 162 161 162 169 169 166 163 158 152 149 155 151 150 146 146 145 144 143 142 141 142 142 141 139 137 136 136 136 138 141 141 139 137 138 136 138
186 181 180 178 179 177 176 176 175 168 150 148 153 158 162 162 165 172 174 177 175 168 168 165 159 165 182 178 160 154 153 153 155 153 154 152 154 159 160 160 157 152 149 149 149 148 153 153 163 162 161 162 170 175 169 160 154 153 148 146 144 142 141 141 142 141 140 139 139 139 139 139 138 137 137 136 137 139 142 142 141 139 140 136 136
195 194 191 185 189 193 197 199 192 172 151 150 148 155 161 161 165 170 172 174 173 170 166 163 159 158 158 157 155 154 155 155 155 156 155 158 163 163 162 159 157 150 149 149 150 152 158 158 162 162 160 160 161 155 150 146 144 145 143 142 143 141 141 141 140 140 140 140 139 138 138 138 138 137 137 136 137 139 143 143 142 141 143 136 135
195 194 191 185 189 193 197 199 192 172 151 150 148 155 161 161 165 170 172 174 173 170 166 163 159 158 158 157 155 154 155 155 155 156 155 158 163 163 162 159 157 150 149 149 150 152 158 158 162 162 160 160 161 155 150 146 144 145 143 142 143 141 141 141 140 140 140 140 139 138 138 138 138 137 137 136 137 139 143 143 142 141 143 136 135
208 207 203 196 200 208 205 199 176 157 149 153 151 149 157 157 164 167 170 169 166 164 162 159 159 160 156 157 157 157 160 160 164 165 162 165 164 162 156 153 151 149 149 150 155 157 160 160 162 161 161 158 159 158 151 149 149 146 143 142 142 141 142 142 141 141 140 141 140 139 139 138 137 137 137 137 138 140 143 143 142 138 137 137 136
202 192 198 202 207 206 195 180 155 151 153 155 158 153 154 154 161 165 167 166 165 163 159 161 167 166 158 157 159 160 163 163 167 167 166 164 162 158 159 158 152 149 149 149 151 153 155 155 157 160 161 161 159 156 152 157 157 154 152 145 144 144 143 143 144 145 144 144 143 141 140 139 138 137 139 139 141 143 142 142 138 137 137 138 140
184 181 191 189 191 194 181 164 149 158 163 163 170 163 153 153 165 169 171 169 168 164 159 165 168 166 158 157 161 161 164 164 168 166 165 162 160 161 158 155 150 149 152 150 150 152 155 155 158 162 161 160 158 156 157 158 160 157 154 146 151 153 150 150 154 154 151 150 147 143 140 140 139 138 139 140 141 143 139 139 137 137 137 138 139
169 178 184 176 171 171 161 156 153 174 176 172 171 166 155 155 157 172 178 170 166 162 161 166 166 161 159 159 161 164 166 166 167 166 163 158 156 155 153 152 150 149 151 150 151 150 153 153 160 161 161 160 159 161 160 157 158 158 157 153 149 157 157 157 159 160 160 157 150 144 142 142 141 141 140 139 139 137 136 136 136 137 137 137 139
158 159 163 155 152 153 152 160 171 176 176 176 173 167 160 160 157 165 171 168 163 161 163 168 164 160 159 160 163 166 168 168 167 161 157 154 153 152 151 151 150 150 152 153 153 153 152 152 156 159 159 159 159 160 160 159 158 158 157 156 151 156 157 157 158 159 160 157 150 147 146 148 147 145 144 143 138 138 137 137 137 137 137 136 138
153 156 159 160 165 168 160 173 172 178 178 175 170 169 162 162 158 165 170 169 164 162 165 168 163 160 160 162 165 163 161 161 161 156 154 154 153 153 153 153 152 151 152 153 153 153 154 154 158 159 160 160 159 159 158 159 158 159 158 157 152 157 156 156 157 158 158 157 156 155 157 158 153 152 151 144 139 138 137 137 137 137 137 137 136
157 166 172 178 175 161 162 173 180 183 180 175 172 167 160 160 160 166 171 169 163 165 168 169 163 161 161 163 165 160 156 156 154 155 155 155 155 155 154 154 153 152 153 153 153 154 155 155 159 160 162 161 161 160 160 159 158 158 157 156 155 157 156 156 157 157 157 159 160 161 164 163 161 160 150 139 139 138 138 138 138 138 138 137 137
159 170 175 171 169 170 180 179 190 188 187 178 167 162 159 159 162 169 170 165 165 170 174 172 164 162 162 166 163 157 154 154 155 156 158 158 158 156 158 158 153 153 154 155 155 155 156 156 160 161 161 162 162 160 160 159 159 158 157 155 157 158 158 158 156 156 156 158 158 159 163 165 164 153 141 139 139 139 138 138 138 138 138 138 138
161 171 174 171 175 181 180 190 193 188 187 174 173 169 161 161 165 170 169 166 170 174 177 172 165 162 163 165 162 158 155 155 156 157 160 160 161 163 160 157 154 154 157 157 159 158 157 157 159 162 163 162 163 161 160 162 160 157 156 156 158 158 157 157 156 156 155 156 155 156 156 157 151 142 139 139 139 140 139 139 138 138 139 140 138
172 171 170 180 180 183 187 187 192 187 182 181 175 167 164 164 169 174 170 168 172 180 179 173 165 163 164 167 163 157 156 156 158 158 159 162 164 162 158 155 155 156 159 160 161 161 159 159 161 163 163 163 161 161 160 162 161 158 159 157 157 156 156 156 156 156 155 155 153 151 151 151 147 140 139 140 140 140 140 140 140 139 140 141 137
176 172 174 183 188 190 196 197 196 197 193 182 174 165 167 167 174 175 171 168 170 177 177 170 165 164 167 172 164 159 158 158 159 161 160 162 165 164 164 157 155 157 158 160 161 162 161 161 164 165 164 163 164 164 162 161 160 159 158 156 157 156 156 156 157 157 156 156 156 153 150 145 143 139 140 141 141 140 140 140 140 140 142 144 141
163 165 175 185 189 191 197 203 205 205 199 189 176 167 173 173 181 181 177 171 170 175 174 169 165 166 170 173 165 161 159 159 162 166 163 163 166 167 164 159 157 158 159 160 164 164 162 162 164 166 165 165 166 164 162 162 160 159 158 157 158 156 156 156 157 158 156 155 154 153 154 152 143 139 142 142 143 144 143 143 142 141 145 146 148
157 161 165 171 176 180 188 196 208 207 195 183 173 171 181 181 187 186 181 174 174 176 176 169 166 168 175 175 170 164 160 160 166 168 164 165 167 173 164 158 158 161 163 162 166 168 165 165 167 168 166 166 165 164 162 160 159 158 158 156 154 157 155 155 154 156 155 154 149 147 150 145 141 141 145 146 148 145 145 145 143 144 147 148 149
158 165 166 175 180 189 197 202 203 198 193 180 172 178 188 188 195 189 179 178 183 181 177 169 167 170 180 181 178 171 163 163 164 170 166 166 168 169 165 160 163 166 163 163 167 170 170 170 167 169 168 167 166 163 162 160 160 159 158 157 155 154 153 153 154 156 153 148 142 142 142 141 145 149 149 150 150 148 150 150 147 147 148 147 147
162 165 167 177 188 194 200 204 199 188 181 179 179 180 193 193 204 199 186 183 190 183 177 171 168 172 180 185 180 172 165 165 166 173 169 169 175 173 168 164 164 168 165 165 170 172 172 172 168 169 170 168 166 165 162 162 160 159 159 158 157 156 155 155 152 153 152 143 140 141 142 144 151 150 152 151 149 150 149 149 149 149 148 147 144
162 165 167 177 188 194 200 204 199 188 181 179 179 180 193 193 204 199 186 183 190 183 177 171 168 172 180 185 180 172 165 165 166 173 169 169 175 173 168 164 164 168 165 165 170 172 172 172 168 169 170 168 166 165 162 162 160 159 159 158 157 156 155 155 152 153 152 143 140 141 142 144 151 150 152 151 149 150 149 149 149 149 148 147 144
161 173 169 174 182 189 195 202 197 187 190 193 191 183 195 195 207 213 197 189 189 181 173 170 169 171 182 187 183 174 168 168 168 175 170 172 179 180 172 167 165 170 167 170 174 177 176 176 172 173 174 171 168 165 163 163 161 160 159 157 156 157 156 156 153 149 146 142 144 148 148 149 151 152 151 151 151 151 150 150 148 148 147 146 146
163 178 179 173 184 188 194 201 196 195 202 208 206 187 192 192 202 213 205 197 188 180 173 175 171 170 180 188 184 176 174 174 173 178 174 175 185 187 180 177 168 172 171 171 177 183 180 180 176 176 175 171 168 169 166 164 163 161 160 158 155 155 153 153 151 149 143 144 149 150 151 151 152 153 152 150 151 150 150 150 149 148 148 148 147
168 177 188 182 182 197 201 205 204 202 213 217 204 195 203 203 202 212 214 206 191 181 177 182 178 172 174 180 186 187 183 183 181 190 183 177 184 192 193 178 172 176 174 175 182 186 182 182 179 180 178 174 173 175 171 165 162 159 156 155 153 151 150 150 149 144 143 148 151 152 153 151 152 153 153 152 149 149 150 150 150 151 149 148 148
166 180 190 192 185 189 195 205 214 213 216 226 213 210 223 223 218 219 219 207 192 183 184 189 182 175 176 176 182 189 192 192 194 197 190 182 184 192 196 184 181 181 179 179 186 189 185 185 184 186 184 180 181 178 172 164 161 160 159 158 154 147 145 145 145 145 148 150 153 154 154 152 152 152 152 151 151 150 150 150 151 150 150 148 147
167 181 191 202 199 192 192 199 210 219 222 234 229 235 250 250 234 227 211 197 187 192 197 194 182 179 184 180 188 192 195 195 209 214 207 192 186 192 202 195 192 185 188 188 190 195 191 191 190 195 192 186 183 174 169 169 164 162 160 157 151 144 148 148 149 150 151 154 153 153 155 156 152 151 150 152 151 150 150 150 149 149 149 149 148
164 180 191 200 210 212 209 208 216 223 242 250 259 269 277 277 251 222 202 192 195 203 200 188 181 185 191 185 202 210 204 204 204 209 215 201 202 202 210 216 211 194 200 200 199 206 198 198 205 213 204 193 182 175 173 178 167 158 155 154 149 146 150 150 151 152 153 153 153 152 153 154 153 153 151 151 151 150 150 150 149 148 148 148 148
166 172 180 187 201 218 233 252 269 260 290 296 303 302 275 275 245 212 206 215 215 218 203 191 185 188 196 194 201 216 214 214 221 222 212 203 218 222 218 235 232 212 219 227 220 222 209 209 216 224 212 194 188 185 183 176 162 150 145 145 145 148 150 150 150 150 152 152 152 151 152 151 154 153 153 152 150 150 148 148 149 148 148 147 147
173 176 176 185 193 202 218 246 280 307 324 339 338 284 247 247 230 242 234 235 252 230 207 193 199 198 204 201 207 224 237 237 261 251 221 221 215 233 239 250 272 237 247 274 259 236 227 227 237 235 214 202 207 205 194 176 157 147 144 145 149 150 152 152 151 151 153 152 152 152 152 151 151 152 152 153 151 150 149 149 148 148 147 146 146
