BASIN_DATA/DATA/7339001/morph/dem.asc
ncols        384
nrows        512
xllcorner    -72.750000000000
yllcorner    -36.500000000000
cellsize     0.001953125000
NODATA_value -9999
[rows 190 to 227 of 512, columns 255 to 339 of 384]
271 277 263 263 265 269 276 278 280 -9999 -9999 -9999 -9999 -9999 -9999 -9999 -9999 -9999 -9999 -9999 -9999 -9999 -9999 -9999 -9999 -9999 -9999 -9999 -9999 -9999 -9999 -9999 -9999 -9999 -9999 -9999 -9999 -9999 -9999 -9999 -9999 -9999 -9999 -9999 -9999 -9999 -9999 -9999 -9999 -9999 -9999 -9999 -9999 -9999 -9999 -9999 -9999 -9999 -9999 -9999 -9999 -9999 -9999 -9999 -9999 -9999 -9999 -9999 -9999 -9999 -9999 -9999 -9999 -9999 -9999 -9999 -9999 -9999 -9999 -9999 -9999 -9999 -9999 -9999 -9999
269 256 239 246 251 258 264 271 285 281 -9999 -9999 -9999 -9999 -9999 -9999 -9999 -9999 -9999 -9999 -9999 -9999 -9999 -9999 -9999 -9999 -9999 -9999 -9999 -9999 -9999 -9999 -9999 -9999 -9999 -9999 -9999 -9999 -9999 -9999 -9999 -9999 -9999 -9999 -9999 -9999 -9999 -9999 -9999 -9999 -9999 -9999 -9999 -9999 -9999 -9999 -9999 -9999 -9999 -9999 -9999 -9999 -9999 -9999 -9999 -9999 -9999 -9999 -9999 -9999 -9999 -9999 -9999 -9999 -9999 -9999 -9999 -9999 -9999 -9999 -9999 -9999 -9999 -9999 -9999
258 241 235 262 269 272 277 281 287 288 -9999 -9999 -9999 -9999 -9999 -9999 -9999 -9999 -9999 -9999 -9999 -9999 -9999 -9999 -9999 -9999 -9999 -9999 -9999 -9999 -9999 -9999 -9999 -9999 -9999 -9999 -9999 -9999 -9999 -9999 -9999 -9999 -9999 -9999 -9999 -9999 -9999 -9999 -9999 -9999 -9999 -9999 -9999 -9999 -9999 -9999 -9999 -9999 -9999 -9999 -9999 -9999 -9999 -9999 -9999 -9999 -9999 -9999 -9999 -9999 -9999 -9999 -9999 -9999 -9999 -9999 -9999 -9999 -9999 -9999 -9999 -9999 -9999 -9999 -9999
240 219 236 252 261 261 269 277 285 287 -9999 -9999 -9999 -9999 -9999 -9999 -9999 -9999 -9999 -9999 -9999 -9999 -9999 -9999 -9999 -9999 -9999 -9999 -9999 -9999 -9999 -9999 -9999 -9999 -9999 -9999 -9999 -9999 -9999 -9999 -9999 -9999 -9999 -9999 -9999 -9999 -9999 -9999 -9999 -9999 -9999 -9999 -9999 -9999 -9999 -9999 -9999 -9999 -9999 -9999 -9999 -9999 -9999 -9999 -9999 -9999 -9999 -9999 -9999 -9999 -9999 -9999 -9999 -9999 -9999 -9999 -9999 -9999 -9999 -9999 -9999 -9999 -9999 -9999 -9999
229 211 225 238 241 252 260 265 281 286 286 287 -9999 -9999 -9999 -9999 -9999 -9999 -9999 -9999 -9999 -9999 -9999 -9999 -9999 -9999 -9999 -9999 -9999 -9999 -9999 -9999 -9999 -9999 -9999 -9999 -9999 -9999 -9999 -9999 -9999 -9999 -9999 -9999 -9999 -9999 -9999 -9999 -9999 -9999 -9999 -9999 -9999 -9999 -9999 -9999 -9999 -9999 -9999 -9999 -9999 -9999 -9999 -9999 -9999 -9999 -9999 -9999 -9999 -9999 -9999 -9999 -9999 -9999 -9999 -9999 -9999 -9999 -9999 -9999 -9999 -9999 -9999 -9999 -9999
205 208 218 223 233 252 263 276 273 264 264 277 268 262 -9999 -9999 -9999 -9999 -9999 -9999 -9999 -9999 -9999 -9999 -9999 -9999 -9999 -9999 -9999 -9999 -9999 -9999 -9999 -9999 -9999 -9999 -9999 -9999 -9999 -9999 -9999 -9999 -9999 -9999 -9999 -9999 -9999 -9999 -9999 -9999 -9999 -9999 -9999 -9999 -9999 -9999 -9999 -9999 -9999 -9999 -9999 -9999 -9999 -9999 -9999 -9999 -9999 -9999 -9999 -9999 -9999 -9999 -9999 -9999 -9999 -9999 -9999 -9999 -9999 -9999 -9999 -9999 -9999 -9999 -9999
204 220 239 246 245 258 268 269 256 248 248 248 251 262 -9999 -9999 -9999 -9999 -9999 -9999 -9999 -9999 -9999 -9999 -9999 -9999 -9999 -9999 -9999 -9999 -9999 -9999 -9999 -9999 -9999 -9999 -9999 -9999 -9999 -9999 -9999 -9999 -9999 -9999 -9999 -9999 -9999 -9999 -9999 -9999 -9999 -9999 -9999 -9999 -9999 -9999 -9999 -9999 -9999 -9999 -9999 -9999 -9999 -9999 -9999 -9999 -9999 -9999 -9999 -9999 -9999 -9999 -9999 -9999 -9999 -9999 -9999 -9999 -9999 -9999 -9999 -9999 -9999 -9999 -9999
200 210 224 238 253 266 259 253 242 231 231 245 260 263 266 -9999 -9999 -9999 -9999 -9999 -9999 -9999 -9999 -9999 -9999 -9999 -9999 -9999 -9999 -9999 -9999 -9999 -9999 -9999 -9999 -9999 -9999 -9999 -9999 -9999 -9999 -9999 -9999 -9999 -9999 -9999 -9999 -9999 -9999 -9999 -9999 -9999 -9999 -9999 -9999 -9999 -9999 -9999 -9999 -9999 -9999 -9999 -9999 -9999 -9999 -9999 -9999 -9999 -9999 -9999 -9999 -9999 -9999 -9999 -9999 -9999 -9999 -9999 -9999 -9999 -9999 -9999 -9999 -9999 -9999
201 204 210 219 236 240 231 227 226 236 236 254 267 276 280 -9999 -9999 -9999 -9999 -9999 -9999 -9999 -9999 -9999 -9999 -9999 -9999 -9999 -9999 -9999 -9999 -9999 -9999 -9999 -9999 -9999 -9999 -9999 -9999 -9999 -9999 -9999 -9999 -9999 -9999 -9999 -9999 -9999 -9999 -9999 -9999 -9999 -9999 -9999 -9999 -9999 -9999 -9999 -9999 -9999 -9999 -9999 -9999 -9999 -9999 -9999 -9999 -9999 -9999 -9999 -9999 -9999 -9999 -9999 -9999 -9999 -9999 -9999 -9999 -9999 -9999 -9999 -9999 -9999 -9999
201 204 210 219 236 240 231 227 226 236 236 254 267 276 -9999 -9999 -9999 -9999 -9999 -9999 -9999 -9999 -9999 -9999 -9999 -9999 -9999 -9999 -9999 -9999 -9999 -9999 -9999 -9999 -9999 -9999 -9999 -9999 -9999 -9999 -9999 -9999 -9999 -9999 -9999 -9999 -9999 -9999 -9999 -9999 -9999 -9999 -9999 -9999 -9999 -9999 -9999 -9999 -9999 -9999 -9999 -9999 -9999 -9999 -9999 -9999 -9999 -9999 -9999 -9999 -9999 -9999 -9999 -9999 -9999 -9999 -9999 -9999 -9999 -9999 -9999 -9999 -9999 -9999 -9999
207 203 208 210 214 216 224 237 237 251 251 258 265 279 -9999 -9999 -9999 -9999 -9999 -9999 -9999 -9999 -9999 -9999 -9999 -9999 -9999 -9999 -9999 -9999 -9999 -9999 -9999 -9999 -9999 -9999 -9999 -9999 -9999 -9999 -9999 -9999 -9999 -9999 -9999 -9999 -9999 -9999 -9999 -9999 -9999 -9999 -9999 -9999 -9999 -9999 -9999 -9999 -9999 -9999 -9999 -9999 -9999 -9999 -9999 -9999 -9999 -9999 -9999 -9999 -9999 -9999 -9999 -9999 -9999 -9999 -9999 -9999 -9999 -9999 -9999 -9999 -9999 -9999 -9999
220 211 212 228 234 240 238 246 256 259 259 270 281 289 294 281 266 266 269 -9999 -9999 -9999 -9999 -9999 -9999 -9999 -9999 -9999 -9999 -9999 -9999 -9999 -9999 -9999 -9999 -9999 -9999 -9999 -9999 -9999 -9999 -9999 -9999 -9999 -9999 -9999 -9999 -9999 -9999 -9999 -9999 -9999 -9999 -9999 -9999 -9999 -9999 -9999 -9999 -9999 -9999 -9999 -9999 -9999 -9999 -9999 -9999 -9999 -9999 -9999 -9999 -9999 -9999 -9999 -9999 -9999 -9999 -9999 -9999 -9999 -9999 -9999 -9999 -9999 -9999
228 217 212 222 236 243 253 261 272 283 283 288 291 297 296 282 267 257 262 261 251 246 -9999 -9999 -9999 -9999 -9999 -9999 -9999 -9999 -9999 -9999 -9999 -9999 -9999 -9999 -9999 -9999 -9999 -9999 -9999 -9999 -9999 -9999 -9999 -9999 -9999 -9999 -9999 -9999 -9999 -9999 -9999 -9999 -9999 -9999 -9999 -9999 -9999 -9999 -9999 -9999 -9999 -9999 -9999 -9999 -9999 -9999 -9999 -9999 -9999 -9999 -9999 -9999 -9999 -9999 -9999 -9999 -9999 -9999 -9999 -9999 -9999 -9999 -9999
232 230 225 217 227 235 244 252 266 285 285 289 289 289 289 277 271 255 262 258 250 240 -9999 -9999 -9999 -9999 -9999 -9999 -9999 -9999 -9999 -9999 -9999 -9999 -9999 -9999 -9999 -9999 -9999 -9999 -9999 -9999 -9999 -9999 -9999 -9999 -9999 -9999 -9999 -9999 -9999 -9999 -9999 -9999 -9999 -9999 -9999 -9999 -9999 -9999 -9999 -9999 -9999 -9999 -9999 -9999 -9999 -9999 -9999 -9999 -9999 -9999 -9999 -9999 -9999 -9999 -9999 -9999 -9999 -9999 -9999 -9999 -9999 -9999 -9999
247 246 237 232 235 244 252 251 262 270 270 275 263 260 273 265 253 247 256 258 247 234 -9999 -9999 -9999 -9999 -9999 -9999 -9999 -9999 -9999 -9999 -9999 -9999 -9999 -9999 -9999 -9999 -9999 -9999 -9999 -9999 -9999 -9999 -9999 -9999 -9999 -9999 -9999 -9999 -9999 -9999 -9999 -9999 -9999 -9999 -9999 -9999 -9999 -9999 -9999 -9999 -9999 -9999 -9999 -9999 -9999 -9999 -9999 -9999 -9999 -9999 -9999 -9999 -9999 -9999 -9999 -9999 -9999 -9999 -9999 -9999 -9999 -9999 -9999
251 257 255 249 251 245 235 235 253 243 243 255 253 228 244 248 221 216 245 260 253 235 237 247 245 246 246 -9999 -9999 -9999 -9999 -9999 -9999 -9999 -9999 -9999 -9999 -9999 -9999 -9999 -9999 -9999 -9999 -9999 -9999 -9999 -9999 -9999 -9999 -9999 -9999 -9999 -9999 -9999 -9999 -9999 -9999 -9999 -9999 -9999 -9999 -9999 -9999 -9999 -9999 -9999 -9999 -9999 -9999 -9999 -9999 -9999 -9999 -9999 -9999 -9999 -9999 -9999 -9999 -9999 -9999 -9999 -9999 -9999 -9999
245 249 256 247 257 252 240 223 215 212 212 233 236 217 210 214 199 201 225 242 244 231 235 235 232 234 234 237 -9999 -9999 -9999 -9999 -9999 -9999 -9999 -9999 -9999 -9999 -9999 -9999 -9999 -9999 -9999 -9999 -9999 -9999 -9999 -9999 -9999 -9999 -9999 -9999 -9999 -9999 -9999 -9999 -9999 -9999 -9999 -9999 -9999 -9999 -9999 -9999 -9999 -9999 -9999 -9999 -9999 -9999 -9999 -9999 -9999 -9999 -9999 -9999 -9999 -9999 -9999 -9999 -9999 -9999 -9999 -9999 -9999
221 224 238 231 245 247 251 246 228 201 201 204 215 210 191 188 188 197 205 213 222 227 228 220 216 223 223 235 243 246 -9999 -9999 -9999 -9999 -9999 -9999 -9999 -9999 -9999 -9999 -9999 -9999 -9999 -9999 -9999 -9999 -9999 -9999 -9999 -9999 -9999 -9999 -9999 -9999 -9999 -9999 -9999 -9999 -9999 -9999 -9999 -9999 -9999 -9999 -9999 -9999 -9999 -9999 -9999 -9999 -9999 -9999 -9999 -9999 -9999 -9999 -9999 -9999 -9999 -9999 -9999 -9999 -9999 -9999 -9999
194 204 207 208 208 216 233 235 234 210 210 189 188 181 181 191 203 207 221 230 229 233 217 214 207 219 219 230 234 241 245 244 243 239 -9999 -9999 -9999 -9999 -9999 -9999 -9999 -9999 -9999 -9999 -9999 -9999 -9999 -9999 -9999 -9999 -9999 -9999 -9999 -9999 -9999 -9999 -9999 -9999 -9999 -9999 -9999 -9999 -9999 -9999 -9999 -9999 -9999 -9999 -9999 -9999 -9999 -9999 -9999 -9999 -9999 -9999 -9999 -9999 -9999 -9999 -9999 -9999 -9999 -9999 -9999
174 177 181 182 184 205 209 214 203 191 191 176 176 190 195 206 218 220 231 236 227 217 209 197 208 222 222 230 237 234 231 229 225 226 229 231 238 236 -9999 -9999 -9999 -9999 -9999 -9999 -9999 -9999 -9999 -9999 -9999 -9999 -9999 -9999 -9999 -9999 -9999 -9999 -9999 -9999 -9999 -9999 -9999 -9999 -9999 -9999 -9999 -9999 -9999 -9999 -9999 -9999 -9999 -9999 -9999 -9999 -9999 -9999 -9999 -9999 -9999 -9999 -9999 -9999 -9999 -9999 -9999
155 157 162 165 167 171 179 171 169 172 172 177 186 200 216 216 225 232 232 227 216 199 187 204 223 236 236 245 236 222 220 229 222 215 219 216 219 224 -9999 -9999 -9999 -9999 -9999 -9999 -9999 -9999 230 234 -9999 -9999 -9999 -9999 -9999 -9999 -9999 -9999 -9999 -9999 -9999 -9999 -9999 -9999 -9999 -9999 -9999 -9999 -9999 -9999 -9999 -9999 -9999 -9999 -9999 -9999 -9999 -9999 132 131 130 -9999 -9999 -9999 -9999 -9999 -9999
155 154 155 157 158 163 165 175 178 183 183 194 207 214 224 231 226 221 223 219 205 190 182 194 207 233 233 248 235 213 206 217 213 209 216 207 216 234 -9999 -9999 -9999 -9999 -9999 223 228 225 211 217 231 237 -9999 -9999 -9999 -9999 -9999 -9999 -9999 -9999 -9999 -9999 -9999 -9999 -9999 -9999 -9999 -9999 -9999 -9999 -9999 -9999 -9999 -9999 -9999 -9999 138 135 133 130 129 129 -9999 -9999 -9999 -9999 -9999
154 154 153 155 159 171 180 182 198 199 199 208 225 223 208 204 202 203 219 228 218 209 193 178 195 213 213 228 237 225 198 190 198 210 213 207 203 226 235 232 232 -9999 221 212 218 218 199 197 212 221 224 230 -9999 -9999 -9999 -9999 -9999 -9999 -9999 -9999 -9999 -9999 -9999 -9999 -9999 -9999 -9999 -9999 -9999 -9999 -9999 164 146 137 137 135 132 129 130 129 -9999 -9999 -9999 -9999 -9999
156 154 153 154 155 160 179 194 205 218 218 215 201 196 175 173 187 206 218 224 211 204 188 173 173 185 185 200 213 208 199 183 191 198 205 195 197 207 213 215 225 228 228 209 205 198 186 178 188 191 195 213 222 -9999 -9999 -9999 -9999 -9999 -9999 -9999 -9999 -9999 -9999 -9999 -9999 -9999 -9999 -9999 200 195 175 160 145 137 137 133 131 130 129 128 129 -9999 -9999 -9999 -9999
157 156 156 154 153 155 156 166 178 188 188 183 174 160 156 159 181 212 200 198 198 178 167 168 171 173 173 174 178 178 180 179 183 186 187 191 202 206 199 200 210 220 220 204 196 192 174 175 179 174 179 194 198 204 199 201 211 -9999 -9999 -9999 -9999 -9999 -9999 -9999 -9999 -9999 -9999 -9999 198 183 167 156 143 135 135 132 130 130 129 129 128 128 127 127 -9999
157 156 156 154 153 155 156 166 178 188 188 183 174 160 156 159 181 212 200 198 198 178 167 168 171 173 173 174 178 178 180 179 183 186 187 191 202 206 199 200 210 220 220 204 196 192 174 175 179 174 179 194 198 204 199 201 211 214 -9999 -9999 -9999 -9999 -9999 -9999 -9999 -9999 -9999 -9999 198 183 167 156 143 135 135 132 130 130 129 129 128 128 127 127 127
159 155 154 154 154 156 157 156 153 154 154 156 154 155 159 158 160 175 176 166 167 167 169 175 183 184 184 184 178 182 186 186 196 198 193 196 203 205 194 194 200 197 197 186 182 177 170 180 183 170 173 180 177 181 183 195 208 218 218 -9999 -9999 -9999 -9999 -9999 -9999 -9999 -9999 -9999 198 196 193 173 148 137 137 132 131 129 129 130 128 127 126 126 126
157 155 155 156 159 160 162 161 155 150 150 151 152 160 165 164 166 162 163 163 171 170 181 187 191 193 193 195 188 183 193 196 203 203 203 205 205 206 199 188 198 191 191 180 170 168 171 174 180 168 168 173 168 174 188 205 207 204 204 209 219 213 -9999 -9999 -9999 -9999 -9999 204 199 203 200 183 156 139 139 132 130 129 129 128 128 127 126 127 125
157 157 156 157 159 161 161 157 152 150 150 149 150 158 170 173 171 172 171 173 186 182 188 200 208 208 208 208 203 191 196 204 209 217 216 215 202 188 188 181 177 187 187 176 163 165 174 168 163 163 170 173 167 171 182 189 192 191 191 202 207 203 215 225 224 229 216 200 185 195 208 211 177 142 142 131 129 129 129 129 129 128 128 126 126
159 161 160 161 161 162 161 157 154 151 151 149 149 155 168 179 184 184 187 190 196 198 193 199 212 220 220 222 215 206 202 207 218 230 230 215 198 183 173 175 164 166 166 159 163 173 174 168 159 168 174 169 162 166 174 179 178 180 180 185 187 200 215 213 211 213 205 192 177 181 186 196 178 139 139 130 130 129 128 129 127 128 128 128 127
162 162 163 168 166 165 169 166 161 159 159 158 151 156 171 189 195 191 184 184 187 197 204 205 204 206 206 208 217 221 222 218 223 224 231 226 208 191 175 164 162 157 157 159 171 175 168 163 156 167 170 164 157 162 169 176 178 180 180 178 187 195 206 201 189 184 184 191 184 159 155 150 141 130 130 130 128 129 129 128 127 126 126 126 125
166 164 167 170 173 171 179 182 175 172 172 168 159 150 159 178 176 170 162 165 166 179 191 201 190 186 186 190 206 218 222 228 212 205 209 211 198 181 167 156 155 152 152 161 170 176 171 160 154 162 165 160 156 162 165 169 171 175 175 177 181 177 181 186 181 177 183 191 188 158 138 135 130 128 128 129 128 127 127 126 127 125 123 124 125
173 170 176 179 179 179 179 191 194 189 189 180 168 156 151 150 152 149 147 146 152 167 177 172 168 173 173 189 201 201 208 217 201 181 191 199 188 175 165 154 150 153 153 162 168 172 165 156 152 155 153 152 152 155 159 161 164 171 171 171 168 165 168 177 174 176 185 183 172 156 139 133 131 128 128 127 128 126 125 124 124 123 124 123 123
175 179 188 192 188 190 193 193 203 203 203 194 176 161 155 156 148 145 145 144 150 153 157 156 169 183 183 193 195 183 193 193 185 170 183 193 190 177 165 151 149 157 157 164 165 163 153 150 148 149 150 149 151 152 153 155 160 164 164 162 159 166 172 172 174 177 185 185 171 151 137 129 129 128 128 127 127 127 127 124 123 124 127 126 126
177 185 197 202 197 200 206 202 196 187 187 187 174 158 154 158 153 150 147 148 144 143 144 152 173 182 182 177 178 172 180 189 173 158 170 172 165 165 150 146 150 158 158 157 153 151 147 147 148 150 151 151 150 151 152 154 158 166 166 168 165 169 166 170 173 174 183 192 181 153 132 129 129 126 126 125 125 125 123 123 123 126 129 127 128
186 186 198 212 214 209 204 192 181 174 174 170 162 156 156 158 158 155 150 144 144 142 142 149 161 165 165 157 162 158 157 162 154 148 148 147 145 145 144 144 144 144 144 145 146 147 147 148 148 150 152 153 153 152 151 153 156 165 165 167 177 182 177 173 170 169 177 185 168 143 131 129 128 126 126 124 123 123 123 125 127 127 125 127 128
205 200 202 219 227 219 200 188 180 171 171 166 162 160 159 158 157 155 149 146 147 144 143 142 144 145 145 144 149 150 149 145 141 141 143 144 143 143 143 143 144 144 144 146 147 148 149 149 150 151 153 155 153 154 152 154 158 167 167 173 179 182 183 175 170 162 167 169 149 130 127 125 126 124 124 124 125 125 125 124 126 128 127 128 128
224 223 218 216 215 217 206 195 187 176 176 167 165 164 160 158 155 153 148 148 149 147 144 144 142 141 141 140 143 147 145 142 141 140 142 144 145 145 144 145 146 147 147 147 148 148 150 151 152 152 153 155 155 156 155 158 159 170 170 173 176 183 184 180 177 168 154 151 135 129 127 126 124 123 123 125 125 126 126 126 127 128 128 129 128
