BASIN_DATA/DATA/7339001/morph/dem.asc
ncols        384
nrows        512
xllcorner    -72.750000000000
yllcorner    -36.500000000000
cellsize     0.001953125000
NODATA_value -9999
[rows 114 to 151 of 512, columns 170 to 254 of 384]
-9999 -9999 -9999 -9999 -9999 -9999 -9999 -9999 -9999 422 419 404 392 391 391 391 396 414 424 420 429 435 442 439 434 449 452 437 447 445 447 447 417 427 418 380 376 364 350 373 388 383 377 370 386 391 384 384 398 389 370 380 397 383 363 381 390 370 354 348 345 344 343 343 344 356 366 371 384 392 406 -9999 -9999 -9999 -9999 -9999 -9999 -9999 -9999 -9999 -9999 -9999 -9999 -9999 -9999
-9999 -9999 -9999 -9999 -9999 -9999 -9999 -9999 438 425 407 395 394 392 390 390 382 382 396 404 414 419 418 417 433 441 450 431 411 422 406 406 398 420 411 387 373 367 350 349 362 360 357 369 368 364 373 373 382 365 367 387 399 391 362 359 362 348 342 339 341 342 346 346 343 347 354 358 373 387 397 -9999 -9999 -9999 -9999 -9999 -9999 -9999 -9999 -9999 -9999 -9999 -9999 -9999 -9999
-9999 -9999 -9999 -9999 -9999 -9999 -9999 -9999 -9999 438 429 431 426 422 412 412 393 375 367 379 391 396 400 418 428 447 456 434 405 380 379 379 395 413 399 369 355 359 362 342 346 343 349 364 362 351 361 361 356 366 381 390 385 376 352 342 339 338 348 342 343 355 373 373 364 351 347 352 363 374 -9999 -9999 -9999 -9999 -9999 -9999 -9999 -9999 -9999 -9999 -9999 -9999 -9999 -9999 -9999
-9999 -9999 -9999 -9999 -9999 -9999 -9999 -9999 -9999 439 436 438 441 433 428 428 411 388 369 364 385 406 417 429 440 455 443 407 389 370 379 379 397 411 395 364 361 353 339 341 336 336 339 355 356 348 343 343 351 362 347 351 354 346 338 336 336 342 346 351 354 356 373 373 382 367 357 357 362 371 -9999 -9999 -9999 -9999 -9999 -9999 -9999 -9999 -9999 -9999 -9999 -9999 -9999 -9999 -9999
-9999 -9999 -9999 -9999 -9999 -9999 -9999 -9999 453 443 443 453 452 438 429 429 414 379 364 359 368 392 415 430 446 445 426 403 383 363 380 380 395 406 386 366 364 346 332 347 362 367 349 340 344 343 346 346 342 337 346 344 341 343 346 347 336 340 346 358 372 375 375 375 386 384 373 372 392 376 -9999 -9999 -9999 -9999 -9999 -9999 -9999 -9999 -9999 -9999 -9999 -9999 -9999 -9999 -9999
-9999 -9999 -9999 -9999 -9999 -9999 -9999 -9999 453 443 443 453 452 438 429 429 414 379 364 359 368 392 415 430 446 445 426 403 383 363 380 380 395 406 386 366 364 346 332 347 362 367 349 340 344 343 346 346 342 337 346 344 341 343 346 347 336 340 346 358 372 375 375 375 386 384 373 372 392 -9999 -9999 -9999 -9999 -9999 -9999 -9999 -9999 -9999 -9999 -9999 -9999 -9999 -9999 -9999 -9999
-9999 -9999 -9999 -9999 -9999 -9999 -9999 -9999 463 457 450 457 457 447 437 437 424 398 375 360 357 374 411 429 432 420 399 381 363 356 372 372 381 387 373 355 356 344 337 339 357 365 359 353 369 367 363 363 357 340 361 364 353 352 356 355 342 339 348 357 368 377 376 376 379 389 386 379 409 -9999 -9999 -9999 -9999 -9999 -9999 -9999 -9999 -9999 -9999 -9999 -9999 -9999 -9999 -9999 -9999
-9999 -9999 465 462 462 455 -9999 459 462 461 459 459 457 456 452 452 440 426 396 362 354 374 410 410 407 395 370 365 351 357 361 361 374 365 357 350 351 344 332 337 353 367 377 369 384 383 361 361 352 344 360 377 368 364 370 360 347 342 347 350 355 359 369 369 379 396 408 394 418 -9999 -9999 -9999 -9999 -9999 -9999 -9999 -9999 -9999 -9999 -9999 -9999 -9999 -9999 -9999 -9999
450 452 460 457 453 448 449 450 455 458 451 457 462 462 461 461 451 434 397 358 357 349 361 380 380 365 347 337 331 343 363 363 364 359 349 354 362 343 330 345 355 373 382 382 388 391 377 377 360 360 357 362 370 376 376 365 356 343 345 349 352 359 365 365 382 405 429 429 442 -9999 -9999 -9999 -9999 -9999 -9999 -9999 -9999 -9999 -9999 -9999 -9999 -9999 -9999 -9999 -9999
436 435 437 434 435 433 434 449 451 447 459 472 479 485 476 476 448 413 370 356 357 363 346 349 349 340 345 349 342 339 358 358 361 354 355 366 355 336 345 349 356 365 361 373 381 390 384 384 370 361 365 356 356 361 372 378 364 346 341 351 357 374 378 378 386 413 443 -9999 -9999 -9999 -9999 -9999 -9999 -9999 -9999 -9999 -9999 -9999 -9999 -9999 -9999 -9999 -9999 -9999 -9999
414 414 423 428 412 404 411 422 422 441 462 472 480 482 473 473 444 407 398 412 417 408 378 347 340 343 352 360 353 340 361 361 355 345 360 372 357 346 340 333 339 351 366 378 384 399 396 396 380 377 383 376 361 365 372 381 369 353 346 364 375 377 393 393 408 423 -9999 -9999 -9999 -9999 -9999 -9999 -9999 -9999 -9999 -9999 -9999 -9999 -9999 -9999 -9999 -9999 -9999 -9999 -9999
397 401 415 411 397 389 390 397 410 425 438 441 430 428 431 431 411 400 415 416 400 381 356 360 366 380 367 351 339 330 339 339 338 334 350 370 367 355 338 337 350 360 374 390 394 402 389 389 384 393 393 388 378 377 381 375 362 351 348 361 375 380 390 390 393 -9999 -9999 -9999 -9999 -9999 -9999 -9999 -9999 -9999 -9999 -9999 -9999 -9999 -9999 -9999 -9999 -9999 -9999 -9999 -9999
396 393 393 388 388 400 398 386 388 397 407 411 393 391 387 387 380 377 372 369 363 360 366 373 377 392 383 360 336 336 334 334 327 338 353 369 356 341 327 340 351 363 376 379 387 392 381 381 377 389 385 382 384 386 377 364 356 354 347 359 363 373 381 381 391 -9999 -9999 -9999 -9999 -9999 -9999 -9999 -9999 -9999 -9999 -9999 -9999 -9999 -9999 -9999 -9999 -9999 -9999 -9999 -9999
436 430 418 396 391 417 446 426 399 386 384 389 401 391 389 389 395 411 395 395 405 410 401 396 388 388 377 364 351 347 338 338 321 330 351 366 354 340 327 325 340 357 361 363 371 372 374 374 383 388 390 384 384 384 384 365 363 356 351 352 363 374 -9999 -9999 -9999 -9999 -9999 -9999 -9999 -9999 -9999 -9999 -9999 -9999 -9999 -9999 -9999 -9999 -9999 -9999 -9999 -9999 -9999 -9999 -9999
453 463 442 426 412 406 438 451 438 423 400 406 404 403 418 418 424 434 437 437 445 453 451 436 413 404 400 391 379 352 331 331 318 330 350 354 338 324 328 336 331 338 343 346 351 366 383 383 396 401 395 388 388 384 383 375 364 360 360 360 365 -9999 -9999 -9999 -9999 -9999 -9999 -9999 -9999 -9999 -9999 -9999 -9999 -9999 -9999 -9999 -9999 -9999 -9999 -9999 -9999 -9999 -9999 -9999 -9999
446 465 466 466 439 421 446 466 457 450 435 446 446 447 462 462 467 501 494 476 473 479 486 467 440 417 400 390 375 350 332 332 331 323 325 321 322 336 347 351 344 350 360 363 360 366 373 373 381 383 384 382 380 373 373 381 375 366 364 371 -9999 -9999 -9999 -9999 -9999 -9999 -9999 -9999 -9999 -9999 -9999 -9999 -9999 -9999 -9999 -9999 -9999 -9999 -9999 -9999 -9999 -9999 -9999 -9999 -9999
451 -9999 -9999 472 470 459 450 458 462 460 459 471 482 502 529 529 532 538 523 492 490 493 478 451 429 408 384 372 371 345 320 320 334 321 314 324 332 343 357 355 357 357 366 378 378 375 365 365 365 367 369 370 368 364 369 376 378 375 372 -9999 -9999 -9999 -9999 -9999 -9999 -9999 -9999 -9999 -9999 -9999 -9999 -9999 -9999 -9999 -9999 -9999 -9999 -9999 -9999 -9999 -9999 -9999 -9999 -9999 -9999
-9999 -9999 -9999 -9999 481 487 478 471 474 479 484 488 500 523 546 546 561 533 514 520 516 500 467 439 415 387 369 359 356 336 315 315 311 315 322 321 331 346 366 351 344 348 359 358 358 366 361 361 359 361 355 358 356 352 356 360 359 362 360 -9999 -9999 -9999 -9999 -9999 -9999 -9999 -9999 -9999 -9999 -9999 -9999 -9999 -9999 -9999 -9999 -9999 -9999 -9999 -9999 -9999 -9999 -9999 -9999 -9999 -9999
-9999 -9999 -9999 -9999 -9999 -9999 486 482 488 498 502 504 502 499 508 508 531 524 524 525 509 497 469 446 418 382 360 343 331 315 318 318 326 334 324 316 327 347 342 330 327 334 341 340 332 345 352 352 350 345 349 356 350 346 343 347 353 353 362 -9999 -9999 -9999 -9999 -9999 -9999 -9999 -9999 -9999 -9999 -9999 -9999 -9999 -9999 -9999 -9999 -9999 -9999 -9999 -9999 -9999 -9999 -9999 -9999 -9999 -9999
-9999 -9999 -9999 -9999 -9999 -9999 -9999 489 506 512 509 517 526 523 515 515 511 513 513 500 472 445 425 408 392 388 373 345 319 307 314 314 325 342 345 338 334 344 338 351 358 357 357 351 357 335 332 332 332 334 339 345 348 354 350 364 377 373 379 -9999 -9999 -9999 -9999 -9999 -9999 -9999 -9999 -9999 -9999 -9999 -9999 -9999 -9999 -9999 -9999 -9999 -9999 -9999 -9999 -9999 -9999 -9999 -9999 -9999 -9999
-9999 -9999 -9999 -9999 -9999 -9999 -9999 510 511 510 507 511 518 522 524 524 529 532 517 497 460 432 418 402 392 384 362 333 312 307 321 321 328 338 351 346 341 333 335 335 352 358 365 364 364 339 329 329 330 332 333 345 355 364 367 367 381 383 395 406 -9999 -9999 -9999 -9999 -9999 -9999 -9999 -9999 -9999 -9999 -9999 -9999 -9999 -9999 -9999 -9999 -9999 -9999 -9999 -9999 -9999 -9999 -9999 -9999 -9999
-9999 -9999 -9999 -9999 -9999 -9999 -9999 -9999 511 510 507 511 518 522 524 524 529 532 517 497 460 432 418 402 392 384 362 333 312 307 321 321 328 338 351 346 341 333 335 335 352 358 365 364 364 339 329 329 330 332 333 345 355 364 367 367 381 383 395 406 -9999 -9999 -9999 -9999 -9999 -9999 -9999 -9999 -9999 -9999 -9999 -9999 -9999 -9999 -9999 -9999 -9999 -9999 -9999 -9999 -9999 -9999 -9999 -9999 -9999
-9999 -9999 -9999 -9999 -9999 -9999 -9999 -9999 528 531 524 525 533 530 539 539 552 531 523 486 451 422 395 373 351 341 333 321 306 335 338 338 346 351 354 346 335 339 346 343 338 348 362 365 361 339 330 330 331 332 335 338 345 366 377 375 385 388 399 -9999 -9999 -9999 -9999 -9999 -9999 -9999 -9999 -9999 -9999 -9999 -9999 -9999 -9999 -9999 -9999 -9999 -9999 -9999 -9999 -9999 -9999 -9999 -9999 -9999 -9999
-9999 -9999 -9999 -9999 -9999 -9999 -9999 -9999 549 565 570 566 574 566 521 521 518 505 479 456 419 391 373 364 369 351 332 315 312 336 344 344 346 362 366 359 350 343 338 335 331 343 361 361 349 335 333 333 341 343 345 344 341 349 361 366 380 369 373 -9999 -9999 -9999 -9999 -9999 -9999 -9999 -9999 -9999 -9999 -9999 -9999 -9999 -9999 -9999 -9999 -9999 -9999 -9999 -9999 -9999 -9999 -9999 -9999 -9999 -9999
-9999 -9999 -9999 -9999 -9999 -9999 -9999 -9999 -9999 -9999 -9999 -9999 595 563 519 519 484 458 436 420 414 419 412 389 366 350 336 321 308 335 346 346 345 354 368 374 371 363 344 331 332 333 348 360 347 335 335 335 341 347 355 356 347 349 347 347 350 351 354 -9999 -9999 -9999 -9999 -9999 -9999 -9999 -9999 -9999 -9999 -9999 -9999 -9999 -9999 -9999 -9999 -9999 -9999 -9999 -9999 -9999 -9999 -9999 -9999 -9999 -9999
-9999 -9999 -9999 -9999 -9999 -9999 -9999 -9999 -9999 -9999 -9999 -9999 570 536 497 497 466 442 444 474 483 460 418 387 370 356 334 328 309 339 349 349 342 349 365 378 378 368 345 331 338 330 336 352 346 341 345 345 346 349 356 365 363 365 371 359 356 363 368 -9999 -9999 -9999 -9999 -9999 -9999 -9999 -9999 -9999 -9999 -9999 -9999 -9999 -9999 -9999 -9999 -9999 -9999 -9999 -9999 -9999 -9999 -9999 -9999 -9999 -9999
-9999 -9999 -9999 -9999 -9999 -9999 -9999 -9999 -9999 -9999 -9999 -9999 -9999 548 530 530 518 498 485 481 460 437 405 385 359 338 326 309 313 323 327 327 327 341 363 380 374 360 342 334 338 332 339 345 353 364 361 361 360 350 348 353 361 359 358 345 355 372 -9999 -9999 -9999 -9999 -9999 -9999 -9999 -9999 -9999 -9999 -9999 -9999 -9999 -9999 -9999 -9999 -9999 -9999 -9999 -9999 -9999 -9999 -9999 -9999 -9999 -9999 -9999
-9999 -9999 -9999 -9999 -9999 -9999 -9999 -9999 -9999 -9999 -9999 -9999 -9999 565 569 569 541 492 456 437 416 403 383 369 363 341 306 327 347 331 336 336 331 337 356 374 367 347 340 344 342 335 339 344 354 367 370 370 370 354 340 339 345 335 330 347 363 374 375 -9999 -9999 -9999 -9999 -9999 -9999 -9999 -9999 -9999 -9999 -9999 -9999 -9999 -9999 -9999 -9999 -9999 -9999 -9999 -9999 -9999 -9999 -9999 -9999 -9999 -9999
-9999 -9999 -9999 -9999 -9999 -9999 -9999 -9999 -9999 -9999 -9999 -9999 -9999 -9999 588 588 548 504 473 438 422 412 392 375 336 310 303 327 347 346 348 348 351 357 369 369 352 343 346 357 358 345 336 341 353 364 376 376 381 360 337 332 335 317 330 354 365 352 353 364 367 365 371 -9999 -9999 -9999 -9999 -9999 -9999 -9999 -9999 -9999 -9999 -9999 -9999 -9999 -9999 -9999 -9999 -9999 -9999 -9999 -9999 -9999 -9999
-9999 -9999 -9999 -9999 -9999 -9999 -9999 -9999 -9999 -9999 -9999 -9999 -9999 592 579 579 544 505 459 427 413 397 377 358 334 322 307 334 354 365 356 356 365 384 372 358 347 354 363 369 371 358 339 342 348 357 372 372 378 364 336 311 307 314 338 339 337 344 355 352 341 340 358 -9999 -9999 -9999 -9999 -9999 -9999 -9999 -9999 -9999 -9999 -9999 -9999 -9999 -9999 -9999 -9999 -9999 -9999 -9999 -9999 -9999 -9999
-9999 -9999 -9999 -9999 -9999 -9999 -9999 -9999 -9999 -9999 -9999 -9999 599 594 562 562 533 502 477 474 464 441 417 383 343 315 306 340 352 369 361 361 372 382 361 351 344 355 373 373 366 356 344 349 364 365 371 371 371 356 332 300 291 312 327 322 332 352 338 322 316 323 340 -9999 -9999 -9999 -9999 -9999 -9999 -9999 -9999 -9999 -9999 -9999 -9999 -9999 -9999 -9999 -9999 -9999 -9999 -9999 -9999 -9999 -9999
-9999 -9999 -9999 -9999 -9999 -9999 -9999 -9999 -9999 -9999 -9999 -9999 589 562 541 541 534 533 536 547 510 457 418 375 348 317 303 343 367 386 379 379 381 386 373 360 349 351 365 371 360 354 351 364 377 388 385 385 366 345 322 309 300 285 301 311 316 319 306 306 319 329 -9999 -9999 -9999 -9999 -9999 -9999 -9999 -9999 -9999 -9999 -9999 -9999 -9999 -9999 -9999 -9999 -9999 -9999 -9999 -9999 -9999 -9999 -9999
-9999 -9999 -9999 -9999 -9999 -9999 -9999 -9999 -9999 -9999 -9999 -9999 606 597 585 585 577 572 555 539 507 469 418 388 353 308 312 337 359 377 373 373 386 390 379 362 353 356 368 370 360 342 355 376 385 398 395 395 368 346 315 319 309 293 284 285 290 298 306 320 332 -9999 -9999 -9999 -9999 -9999 -9999 -9999 -9999 -9999 -9999 -9999 -9999 -9999 -9999 -9999 -9999 -9999 -9999 -9999 -9999 -9999 -9999 -9999 -9999
-9999 -9999 -9999 -9999 -9999 -9999 -9999 -9999 -9999 -9999 633 633 629 603 577 577 555 536 509 478 455 421 394 351 308 325 325 317 331 343 357 357 369 377 371 363 346 345 344 345 339 334 358 387 386 379 372 372 353 320 297 311 312 302 281 287 300 302 311 326 333 -9999 -9999 -9999 -9999 -9999 -9999 -9999 -9999 -9999 -9999 -9999 -9999 -9999 -9999 -9999 -9999 -9999 -9999 -9999 -9999 -9999 -9999 -9999 -9999
-9999 -9999 -9999 -9999 -9999 -9999 -9999 -9999 -9999 631 613 606 604 584 548 548 509 472 443 417 376 351 335 320 314 322 339 330 346 364 385 385 389 363 347 355 332 335 328 329 319 328 373 380 359 342 336 336 328 294 281 281 279 274 274 279 282 288 299 317 320 319 -9999 -9999 -9999 -9999 -9999 -9999 -9999 -9999 -9999 -9999 -9999 -9999 -9999 -9999 -9999 -9999 -9999 -9999 -9999 -9999 -9999 -9999 -9999
-9999 -9999 -9999 -9999 -9999 -9999 -9999 -9999 630 631 599 581 575 554 518 518 497 485 474 435 367 313 310 301 303 331 357 367 370 363 372 372 388 367 334 321 327 331 314 313 315 335 363 361 343 320 311 311 295 280 270 274 285 278 271 280 283 286 288 298 307 311 -9999 -9999 -9999 -9999 -9999 -9999 -9999 -9999 -9999 -9999 -9999 -9999 -9999 -9999 -9999 -9999 -9999 -9999 -9999 -9999 -9999 -9999 -9999
-9999 -9999 -9999 -9999 -9999 -9999 -9999 640 617 595 574 571 579 584 574 574 565 539 497 439 357 301 320 336 330 334 338 361 390 396 387 387 389 359 337 309 327 320 306 306 323 333 329 330 319 299 293 293 279 280 284 273 275 274 271 286 297 297 288 294 297 308 313 -9999 -9999 -9999 -9999 -9999 -9999 -9999 -9999 -9999 -9999 -9999 -9999 -9999 -9999 -9999 -9999 -9999 -9999 -9999 -9999 -9999 -9999
-9999 -9999 -9999 -9999 -9999 -9999 -9999 640 617 595 574 571 579 584 574 574 565 539 497 439 357 301 320 336 330 334 338 361 390 396 387 387 389 359 337 309 327 320 306 306 323 333 329 330 319 299 293 293 279 280 284 273 275 274 271 286 297 297 288 294 297 308 313 -9999 -9999 -9999 -9999 -9999 -9999 -9999 -9999 -9999 -9999 -9999 -9999 -9999 -9999 -9999 -9999 -9999 -9999 -9999 -9999 -9999 -9999
