BASIN_DATA/DATA/7339001/morph/slope.asc
ncols        384
nrows        512
xllcorner    -72.750000000000
yllcorner    -36.500000000000
cellsize     0.001953125000
NODATA_value  -9999
[rows 378 to 395 of 512, columns 200 to 239 of 384]
2.4217474460601806641 2.9379296302795410156 3.5363757610321044922 4.5182108879089355469 5.1010141372680664062 4.01105499267578125 1.9223406314849853516 0.51514887809753417969 1.1078695058822631836 1.9700654745101928711 2.4772715568542480469 2.5975458621978759766 1.7431528568267822266 1.2325952053070068359 1.0620065927505493164 1.2644779682159423828 1.3159003257751464844 1.151907801628112793 0.81858432292938232422 1.1315698623657226562 1.4248312711715698242 0.99425065517425537109 0.33583596348762512207 0.36426523327827453613 0.73306965827941894531 0.69592779874801635742 0.58736008405685424805 1.5019041299819946289 1.3359152078628540039 0.59298086166381835938 1.1078695058822631836 1.2878720760345458984 0.81858432292938232422 0.33583596348762512207 0.67167192697525024414 0.86584860086441040039 0.75095206499099731445 0.51514887809753417969 0.43863344192504882812 0.58736008405685424805
1.8945294618606567383 1.2244948148727416992 2.0877833366394042969 3.1218614578247070312 2.8866727352142333984 1.5731029510498046875 0.91066312789916992188 1.6492810249328613281 1.3846871852874755859 1.0588784217834472656 1.4060827493667602539 1.9015203714370727539 2.0766313076019287109 0.98081421852111816406 0.65668851137161254883 1.1315698623657226562 0.58736008405685424805 0.23038156330585479736 1.0620065927505493164 1.6712591648101806641 1.1747201681137084961 0.80221098661422729492 0.24435655772686004639 0.34557235240936279297 0.65668851137161254883 0.41532626748085021973 0.23038156330585479736 1.3259454965591430664 1.9565485715866088867 1.0867077112197875977 1.1403305530548095703 2.0034587383270263672 2.0428104400634765625 0.98081421852111816406 0.99090862274169921875 1.0205929279327392578 1.0588784217834472656 0.63616192340850830078 0.51514887809753417969 0.43863344192504882812
2.0622045993804931641 2.8797695636749267578 3.7609393596649169922 2.5263311862945556641 1.0713362693786621094 0.41532626748085021973 2.0766313076019287109 2.5718777179718017578 1.2749283313751220703 0.57595390081405639648 1.151907801628112793 0.4749437868595123291 1.0620065927505493164 2.0814180374145507812 1.5731029510498046875 0.80633550882339477539 0.95337337255477905273 0.16290436685085296631 0.73758089542388916016 2.0363047122955322266 1.7863858938217163086 0.76841837167739868164 0.23038156330585479736 0.57595390081405639648 0.54639786481857299805 0.4749437868595123291 0.67167192697525024414 0.85038578510284423828 0.76841837167739868164 1.3359152078628540039 2.1380228996276855469 1.2878720760345458984 2.9525713920593261719 3.2438018321990966797 2.5975458621978759766 1.7278617620468139648 1.3057779073715209961 0.72853046655654907227 0.65668851137161254883 0.52154844999313354492
4.5533156394958496094 3.9037611484527587891 3.1048138141632080078 1.4060827493667602539 0.4749437868595123291 0.72853046655654907227 2.3052551746368408203 2.3181698322296142578 0.92869782447814941406 0.54639786481857299805 1.0867077112197875977 0.51514887809753417969 0.32580873370170593262 0.43863344192504882812 1.5368367433547973633 0.57595390081405639648 1.3259454965591430664 0.69592779874801635742 0.4072609245777130127 1.5561418533325195312 2.0232303142547607422 0.80221098661422729492 0.43863344192504882812 0.4072609245777130127 0.59298086166381835938 1.468400120735168457 1.9582433700561523438 1.9084856510162353516 1.2878720760345458984 0.63616192340850830078 2.3167383670806884766 2.0363047122955322266 0.49545431137084960938 0.57016527652740478516 0.86584860086441040039 1.210873723030090332 1.5815153121948242188 0.76841837167739868164 0.81452184915542602539 0.86584860086441040039
2.8797695636749267578 2.1855914592742919922 1.6791797876358032227 0.81452184915542602539 0.49545431137084960938 0.67167192697525024414 1.7583110332489013672 2.2864718437194824219 1.7993376255035400391 1.5815153121948242188 1.1747201681137084961 0.41532626748085021973 0.34557235240936279297 0.67167192697525024414 1.2406426668167114258 0.11519078165292739868 0.98081421852111816406 0.4749437868595123291 0.18213261663913726807 1.4502149820327758789 1.8466488122940063477 0.63616192340850830078 0.18213261663913726807 0.11519078165292739868 0.86584860086441040039 2.0117206573486328125 1.5667641162872314453 0.92152625322341918945 1.1403305530548095703 0.67167192697525024414 0.80221098661422729492 1.9700654745101928711 2.5563530921936035156 2.5341973304748535156 2.0766313076019287109 1.0367170572280883789 1.0367170572280883789 0.4749437868595123291 0.62032133340835571289 0.83860158920288085938
0.11519078165292739868 0.67167192697525024414 0.99425065517425537109 1.468400120735168457 1.4013563394546508789 0.63616192340850830078 0.67167192697525024414 2.0557601451873779297 1.9700654745101928711 1.6002814769744873047 1.3846871852874755859 0.67167192697525024414 0.83065253496170043945 1.1344976425170898438 1.4225012063980102539 0.95337337255477905273 0.34557235240936279297 0.83860158920288085938 0.18213261663913726807 1.6712591648101806641 1.6791797876358032227 0.46076312661170959473 0.16290436685085296631 0.18213261663913726807 0.75095206499099731445 2.0428104400634765625 1.7993376255035400391 1.1576530933380126953 0.62032133340835571289 0.57595390081405639648 0.88104009628295898438 0.24435655772686004639 0.41532626748085021973 0.49545431137084960938 0.99090862274169921875 0.98081421852111816406 0.18213261663913726807 0.4072609245777130127 0.65668851137161254883 0.91066312789916992188
3.3246064186096191406 3.8593211174011230469 4.0929217338562011719 4.1090993881225585938 3.8082706928253173828 3.0661094188690185547 1.2217828035354614258 2.3677241802215576172 3.2763628959655761719 2.2052342891693115234 1.8030209541320800781 1.210873723030090332 0.99425065517425537109 1.1747201681137084961 1.4974801540374755859 1.6310787200927734375 0.73758089542388916016 0.99425065517425537109 0.11519078165292739868 1.8466488122940063477 1.441036224365234375 0.4072609245777130127 0.29368004202842712402 0.29368004202842712402 0.41532626748085021973 1.0927957296371459961 1.5475915670394897461 1.1576530933380126953 0.89597404003143310547 0.86584860086441040039 0.51514887809753417969 0.69592779874801635742 0.52154844999313354492 0.49545431137084960938 0.51514887809753417969 0.63616192340850830078 0.58736008405685424805 0.43863344192504882812 0.73758089542388916016 1.0620065927505493164
3.1943383216857910156 3.1186721324920654297 3.1724555492401123047 2.9424426555633544922 2.7561666965484619141 3.5363757610321044922 2.6318006515502929688 1.9015203714370727539 3.9944803714752197266 2.2469584941864013672 1.1432359218597412109 1.1315698623657226562 0.9498875737190246582 0.69592779874801635742 0.65668851137161254883 1.3846871852874755859 1.7124341726303100586 1.6791797876358032227 1.0205929279327392578 1.8804696798324584961 1.6472685337066650391 0.81858432292938232422 0.29368004202842712402 0.25757443904876708984 0.4072609245777130127 0.67167192697525024414 0.72853046655654907227 0.43863344192504882812 0.9498875737190246582 0.86584860086441040039 0.25757443904876708984 0.46076312661170959473 0.75095206499099731445 0.52154844999313354492 0.24435655772686004639 0.57595390081405639648 0.63616192340850830078 0.4072609245777130127 0.52154844999313354492 0.80633550882339477539
1.7182357311248779297 0.98419052362442016602 0.99425065517425537109 0.98081421852111816406 1.0588784217834472656 3.5363757610321044922 3.0574419498443603516 1.3822894096374511719 3.7547602653503417969 2.8027126789093017578 1.2878720760345458984 0.59298086166381835938 0.69592779874801635742 0.81858432292938232422 0.58736008405685424805 1.3822894096374511719 2.1380228996276855469 1.7937983274459838867 1.3433438539505004883 1.8213262557983398438 2.3635172843933105469 1.5216523408889770508 0.25757443904876708984 0.33583596348762512207 0.57016527652740478516 0.98081421852111816406 1.151907801628112793 0.91066312789916992188 0.51514887809753417969 0.57595390081405639648 0.83065253496170043945 0.73306965827941894531 0.18213261663913726807 0.081452183425426483154 0.18213261663913726807 0.4749437868595123291 0.52154844999313354492 0.57595390081405639648 0.65668851137161254883 0.58736008405685424805
1.8085319995880126953 1.2878720760345458984 1.0430968999862670898 0.77272325754165649414 1.441036224365234375 3.6005182266235351562 2.7645788192749023438 1.1078695058822631836 3.295543670654296875 2.65938568115234375 1.8376450538635253906 1.2459788322448730469 0.23038156330585479736 1.0205929279327392578 1.9700654745101928711 2.3747189044952392578 2.0861937999725341797 1.8213262557983398438 1.5303475856781005859 1.9885013103485107422 3.1016068458557128906 2.3338572978973388672 0.29368004202842712402 0.34557235240936279297 0.54639786481857299805 0.81452184915542602539 0.99425065517425537109 0.99090862274169921875 1.210873723030090332 0.80221098661422729492 0.25757443904876708984 0.70067816972732543945 0.29368004202842712402 0.081452183425426483154 0.4072609245777130127 0.73758089542388916016 0.67167192697525024414 0.59298086166381835938 0.83860158920288085938 0.81858432292938232422
1.3846871852874755859 0.92869782447814941406 0.72853046655654907227 1.1576530933380126953 2.0034587383270263672 2.8797695636749267578 2.4866273403167724609 1.0075079202651977539 2.9004299640655517578 2.0734341144561767578 1.6791797876358032227 1.5019041299819946289 1.4060827493667602539 1.9360963106155395508 2.5563530921936035156 2.0232303142547607422 1.5454465150833129883 1.7993376255035400391 1.9616284370422363281 2.1020345687866210938 3.9037611484527587891 3.0312910079956054688 0.76841837167739868164 0.52154844999313354492 0.70067816972732543945 0.65668851137161254883 1.0958271026611328125 1.4248312711715698242 1.3482735157012939453 1.9360963106155395508 1.3482735157012939453 0.89966881275177001953 0.75095206499099731445 0.63616192340850830078 0.73758089542388916016 0.97742623090744018555 0.91066312789916992188 0.70067816972732543945 0.72853046655654907227 0.99425065517425537109
1.5454465150833129883 1.0958271026611328125 1.0620065927505493164 1.9429377317428588867 1.5216523408889770508 2.5459508895874023438 3.2222549915313720703 0.97742623090744018555 3.8291192054748535156 3.9173336029052734375 4.3015699386596679688 4.31081390380859375 3.5699851512908935547 2.4772715568542480469 1.4974801540374755859 0.83065253496170043945 0.99090862274169921875 1.151907801628112793 0.88104009628295898438 1.0430968999862670898 3.8030407428741455078 2.9649043083190917969 1.2459788322448730469 0.49545431137084960938 0.75095206499099731445 0.70067816972732543945 0.86584860086441040039 1.4952633380889892578 1.2878720760345458984 0.29368004202842712402 1.4433363676071166992 1.0958271026611328125 0.67167192697525024414 0.46076312661170959473 0.65161746740341186523 1.0075079202651977539 1.0713362693786621094 1.2670986652374267578 1.1747201681137084961 1.5561418533325195312
1.0927957296371459961 0.81452184915542602539 1.1859617233276367188 1.968381047248840332 1.2325952053070068359 2.0877833366394042969 3.6170639991760253906 0.49545431137084960938 5.0011906623840332031 4.8687696456909179688 4.1532626152038574219 3.5727717876434326172 2.3621134757995605469 1.2026270627975463867 0.33583596348762512207 0.72853046655654907227 0.46076312661170959473 0.51514887809753417969 0.54639786481857299805 1.9834903478622436523 3.3947098255157470703 2.2528560161590576172 0.95337337255477905273 0.41532626748085021973 0.57595390081405639648 0.86584860086441040039 0.58736008405685424805 1.0302977561950683594 1.4225012063980102539 1.2026270627975463867 0.57595390081405639648 1.0075079202651977539 0.46076312661170959473 0.23038156330585479736 0.51514887809753417969 1.0927957296371459961 1.1859617233276367188 0.76841837167739868164 0.92869782447814941406 1.7182357311248779297
1.3556345701217651367 1.3133770227432250977 1.6371686458587646484 1.8376450538635253906 1.2325952053070068359 2.3153061866760253906 3.5175652503967285156 0.11519078165292739868 4.8118872642517089844 5.2288241386413574219 3.9308590888977050781 2.0766313076019287109 0.4749437868595123291 1.2217828035354614258 1.2325952053070068359 1.0867077112197875977 0.76841837167739868164 0.51514887809753417969 0.81452184915542602539 2.1318078041076660156 2.65938568115234375 1.8304102420806884766 1.166217803955078125 0.59298086166381835938 0.36426523327827453613 0.72853046655654907227 0.65161746740341186523 0.81452184915542602539 1.3032349348068237305 1.9616284370422363281 1.3133770227432250977 0.32580873370170593262 0.36426523327827453613 0.4072609245777130127 0.65668851137161254883 1.3159003257751464844 1.0588784217834472656 0.32580873370170593262 0.32580873370170593262 1.0958271026611328125
2.0232303142547607422 1.7545337677001953125 2.0150158405303955078 1.7488526105880737305 1.5561418533325195312 2.5446476936340332031 2.8889701366424560547 0.81452184915542602539 2.5757441520690917969 4.2868928909301757812 6.7018866539001464844 6.5425930023193359375 5.0190672874450683594 4.1628360748291015625 3.4977052211761474609 2.6493880748748779297 1.9084856510162353516 1.4013563394546508789 0.95337337255477905273 1.6126710176467895508 2.0379331111907958984 2.8121654987335205078 2.4772715568542480469 0.91066312789916992188 0.25757443904876708984 0.25757443904876708984 0.57595390081405639648 0.75095206499099731445 1.0075079202651977539 1.7278617620468139648 2.0766313076019287109 1.4433363676071166992 0.59298086166381835938 0.081452183425426483154 0.95337337255477905273 1.4433363676071166992 0.98081421852111816406 0.92869782447814941406 1.1315698623657226562 1.0075079202651977539
0.18213261663913726807 1.0927957296371459961 2.3338572978973388672 2.0117206573486328125 1.8609640598297119141 2.1380228996276855469 1.9360963106155395508 2.1688318252563476562 1.8997751474380493164 1.0620065927505493164 3.4335744380950927734 6.1613612174987792969 6.4161372184753417969 4.4976062774658203125 2.3621134757995605469 1.5019041299819946289 0.97742623090744018555 0.65161746740341186523 0.29368004202842712402 1.1315698623657226562 2.0861937999725341797 2.8612797260284423828 3.3156142234802246094 1.1344976425170898438 0.4749437868595123291 0.57595390081405639648 0.34557235240936279297 0.36426523327827453613 0.36426523327827453613 0.52154844999313354492 1.0075079202651977539 1.3846871852874755859 1.2878720760345458984 1.0302977561950683594 1.4225012063980102539 1.4013563394546508789 1.0620065927505493164 1.1432359218597412109 0.76841837167739868164 0.4749437868595123291
1.0958271026611328125 1.1859617233276367188 1.9015203714370727539 1.7182357311248779297 2.2821152210235595703 2.4557530879974365234 2.5302672386169433594 2.5092031955718994141 1.7007715702056884766 2.5563530921936035156 0.89966881275177001953 0.77272325754165649414 2.3635172843933105469 2.8333187103271484375 1.3359152078628540039 1.6229232549667358398 1.3057779073715209961 0.87726688385009765625 1.1403305530548095703 0.87726688385009765625 0.75095206499099731445 2.7693743705749511719 3.1292908191680908203 1.1576530933380126953 0.33583596348762512207 0.29368004202842712402 0.4072609245777130127 0.33583596348762512207 0.43863344192504882812 0.41532626748085021973 0.4749437868595123291 0.70067816972732543945 0.57595390081405639648 0.81858432292938232422 1.5216523408889770508 1.7278617620468139648 1.7937983274459838867 1.6613050699234008789 1.441036224365234375 1.1315698623657226562
0.65161746740341186523 1.0588784217834472656 2.2587382793426513672 2.8050789833068847656 2.8924129009246826172 2.5576505661010742188 1.5454465150833129883 0.75095206499099731445 1.3918555974960327148 1.3653874397277832031 2.2247035503387451172 2.0766313076019287109 0.57595390081405639648 2.9435696601867675781 2.9368002414703369141 1.9885013103485107422 0.65668851137161254883 0.69592779874801635742 1.166217803955078125 0.52154844999313354492 2.4919576644897460938 2.8924129009246826172 2.1503994464874267578 1.0367170572280883789 0.16290436685085296631 0.36426523327827453613 0.081452183425426483154 0.4072609245777130127 0.57595390081405639648 0.48871311545372009277 0.32580873370170593262 0.58736008405685424805 0.43863344192504882812 0.4749437868595123291 0.87726688385009765625 1.4060827493667602539 2.1146216392517089844 2.2247035503387451172 1.8304102420806884766 1.5019041299819946289
