BASIN_DATA/DATA/7339001/morph/slope.asc
ncols        384
nrows        512
xllcorner    -72.750000000000
yllcorner    -36.500000000000
cellsize     0.001953125000
NODATA_value  -9999
[rows 108 to 125 of 512, columns 280 to 319 of 384]
7.2606754302978515625 6.5161747932434082031 11.359586715698242188 14.798766136169433594 15.782818794250488281 12.651336669921875 7.5276098251342773438 2.7860934734344482422 0.70067816972732543945 5.7733454704284667969 12.169948577880859375 4.226104736328125 0.69592779874801635742 4.7668666839599609375 5.6101579666137695312 6.4676318168640136719 7.7139134407043457031 7.6841835975646972656 9.4379148483276367188 8.7290754318237304688 6.15866851806640625 6.2437229156494140625 6.2802753448486328125 4.8132658004760742188 4.6627373695373535156 2.2007167339324951172 4.9585585594177246094 4.619853973388671875 5.7974276542663574219 8.8629560470581054688 9.980136871337890625 6.7098011970520019531 3.509067535400390625 6.5288891792297363281 11.173505783081054688 5.3037819862365722656 3.3514382839202880859 4.7228221893310546875 3.1218614578247070312 3.295543670654296875
20.519001007080078125 20.61319732666015625 17.824634552001953125 13.549736976623535156 11.703065872192382812 11.497171401977539062 11.087674140930175781 10.072773933410644531 12.507884025573730469 18.970142364501953125 20.485994338989257812 16.319732666015625 17.033052444458007812 19.263570785522460938 19.194047927856445312 18.1990509033203125 17.157047271728515625 17.014736175537109375 17.53966522216796875 12.373228073120117188 7.0520849227905273438 5.256664276123046875 4.4798703193664550781 2.1130523681640625 4.1476678848266601562 6.0131354331970214844 7.9347972869873046875 7.0152983665466308594 7.5798687934875488281 9.2271337509155273438 5.3262505531311035156 2.8227617740631103516 4.2480263710021972656 6.9425745010375976562 10.940396308898925781 3.1440966129302978516 5.9460096359252929688 5.0137772560119628906 5.9281301498413085938 5.0375394821166992188
24.542936325073242188 21.092498779296875 17.4324798583984375 6.9939875602722167969 7.6673293113708496094 12.380732536315917969 12.584033012390136719 13.508544921875 13.034894943237304688 15.792694091796875 17.309690475463867188 13.28569793701171875 10.588784217834472656 9.3332977294921875 8.09046173095703125 9.2217397689819335938 11.050212860107421875 10.533502578735351562 6.2850270271301269531 2.6631252765655517578 6.70732879638671875 7.2711758613586425781 6.4161372184753417969 4.5642304420471191406 3.7969300746917724609 6.2844991683959960938 3.1932995319366455078 5.4059958457946777344 7.3654575347900390625 6.07187652587890625 3.4025182723999023438 7.2510747909545898438 5.9208512306213378906 6.4161372184753417969 7.9172196388244628906 2.191654205322265625 6.326061248779296875 2.8050789833068847656 7.2533617019653320312 5.946567535400390625
28.681926727294921875 27.936674118041992188 29.494802474975585938 21.483158111572265625 15.262887954711914062 13.576151847839355469 13.66480255126953125 15.18706512451171875 14.802351951599121094 12.458723068237304688 5.3783121109008789062 4.6363396644592285156 11.144373893737792969 15.133894920349121094 14.567421913146972656 12.0011444091796875 7.1157703399658203125 7.4940438270568847656 10.160323143005371094 10.101384162902832031 8.4537792205810546875 8.0654115676879882812 6.2437229156494140625 5.0579118728637695312 3.262157440185546875 6.5288891792297363281 1.7882418632507324219 4.6434888839721679688 6.7580776214599609375 4.4732007980346679688 6.3118872642517089844 8.9233837127685546875 4.1532626152038574219 3.5137910842895507812 4.7494378089904785156 5.8282437324523925781 3.7785387039184570312 3.7864315509796142578 6.7757253646850585938 3.7547602653503417969
21.823865890502929688 24.012928009033203125 30.409603118896484375 31.372945785522460938 29.955141067504882812 19.804944992065429688 18.695894241333007812 18.903224945068359375 14.881472587585449219 13.871285438537597656 13.608610153198242188 14.128843307495117188 13.8528594970703125 11.480135917663574219 11.695410728454589844 10.175004959106445312 7.8722600936889648438 10.673966407775878906 11.679515838623046875 10.143658638000488281 8.3753290176391601562 9.4294757843017578125 7.1125063896179199219 4.7136821746826171875 5.445125579833984375 6.6477160453796386719 4.6627373695373535156 6.3391571044921875 8.3753290176391601562 6.0822477340698242188 7.5324559211730957031 10.637542724609375 4.9040708541870117188 2.2587382793426513672 6.1951870918273925781 6.3396806716918945312 4.2245345115661621094 5.7968554496765136719 2.7860934734344482422 2.4651904106140136719
10.21794891357421875 14.941536903381347656 22.193441390991210938 20.328807830810546875 22.060163497924804688 20.2382049560546875 23.990814208984375 27.794298171997070312 22.703107833862304688 15.816202163696289062 9.5218963623046875 4.0209670066833496094 3.6472029685974121094 7.0487914085388183594 11.468571662902832031 5.2893772125244140625 8.0522394180297851562 9.4234933853149414062 7.6902251243591308594 7.6187186241149902344 9.0441274642944335938 8.4725933074951171875 5.215484619140625 5.7161793708801269531 6.04779052734375 6.476345062255859375 6.0450472831726074219 5.8809380531311035156 5.8736004829406738281 1.6712591648101806641 9.490489959716796875 9.157848358154296875 5.0011906623840332031 6.7801299095153808594 5.8288130760192871094 5.1321339607238769531 7.9058985710144042969 2.7669775485992431641 2.6077423095703125 3.2834424972534179688
31.75026702880859375 28.814853668212890625 27.757036209106445312 23.364145278930664062 16.783300399780273438 8.3065252304077148438 10.622876167297363281 21.676843643188476562 20.967412948608398438 18.734003067016601562 13.890165328979492188 10.488056182861328125 9.197967529296875 2.0509135723114013672 9.8570604324340820312 9.6804819107055664062 8.9911556243896484375 6.4021625518798828125 1.9968248605728149414 9.6199827194213867188 10.967348098754882812 3.8978083133697509766 6.24691009521484375 6.6810655593872070312 5.2943921089172363281 6.2000041007995605469 7.5570774078369140625 7.1613101959228515625 5.0375394821166992188 3.1218614578247070312 10.053984642028808594 7.9347972869873046875 7.6655983924865722656 8.8846378326416015625 6.2341523170471191406 10.316491127014160156 5.4353694915771484375 4.9712529182434082031 4.7396492958068847656 5.6172490119934082031
40.141384124755859375 35.712116241455078125 23.2110137939453125 19.715635299682617188 20.308237075805664062 25.7111663818359375 27.909944534301757812 28.037776947021484375 27.660303115844726562 22.95752716064453125 16.90225982666015625 14.566283226013183594 13.244686126708984375 9.2224597930908203125 2.8333187103271484375 2.9322786331176757812 2.0379331111907958984 2.1931672096252441406 5.6172490119934082031 9.5830144882202148438 10.944943428039550781 14.543264389038085938 15.093949317932128906 12.539669036865234375 8.8846378326416015625 8.14196014404296875 9.5271205902099609375 9.5719318389892578125 10.466843605041503906 8.6423797607421875 11.177958488464355469 9.5302534103393554688 10.127949714660644531 9.4631872177124023438 9.8587427139282226562 13.5871429443359375 4.9478430747985839844 5.4280409812927246094 6.2802753448486328125 6.4011259078979492188
34.440792083740234375 33.979522705078125 30.42792510986328125 24.942064285278320312 24.3885040283203125 25.99141693115234375 26.181652069091796875 22.032026290893554688 23.418033599853515625 18.297758102416992188 13.735263824462890625 13.932133674621582031 16.09397125244140625 18.315334320068359375 18.297758102416992188 17.166326522827148438 15.199292182922363281 12.064001083374023438 3.8446812629699707031 7.10550689697265625 14.543264389038085938 16.918542861938476562 15.087794303894042969 13.9946136474609375 10.240000724792480469 9.9841241836547851562 11.326540946960449219 9.877231597900390625 10.513644218444824219 10.27880096435546875 12.119143486022949219 11.293691635131835938 9.301967620849609375 5.9777245521545410156 10.952517509460449219 11.962384223937988281 4.7445459365844726562 7.1241564750671386719 9.8381967544555664062 11.04150390625
26.771017074584960938 27.527585983276367188 32.18392181396484375 31.411516189575195312 30.368560791015625 27.246700286865234375 21.633798599243164062 19.502653121948242188 21.259019851684570312 17.6616058349609375 10.964928627014160156 11.392246246337890625 14.623559951782226562 18.59769439697265625 20.575183868408203125 17.659915924072265625 14.740144729614257812 14.284818649291992188 14.020426750183105469 8.6722669601440429688 5.4670133590698242188 3.9401309490203857422 0.83065253496170043945 9.158935546875 11.590562820434570312 10.527517318725585938 7.2725443840026855469 2.4066329002380371094 3.8291192054748535156 4.5874285697937011719 6.5207548141479492188 7.0520849227905273438 3.2304804325103759766 6.9003992080688476562 11.274877548217773438 7.1455435752868652344 8.6940431594848632812 11.770334243774414062 13.599588394165039062 12.698445320129394531
12.209136009216308594 12.192007064819335938 13.972314834594726562 12.890306472778320312 17.108060836791992188 16.137607574462890625 9.8883085250854492188 8.614315032958984375 13.466240882873535156 12.602998733520507812 5.0664305686950683594 5.8696460723876953125 7.3668088912963867188 8.4901933670043945312 7.8367838859558105469 8.1439962387084960938 6.0214047431945800781 4.5874285697937011719 10.164240837097167969 9.3083848953247070312 8.7499513626098632812 9.710590362548828125 7.3690600395202636719 3.9711594581604003906 8.0505914688110351562 5.923091888427734375 1.9015203714370727539 2.9072840213775634766 4.8056788444519042969 4.4014334678649902344 2.6178991794586181641 9.2055387496948242188 8.4991750717163085938 7.3379330635070800781 6.0543689727783203125 3.6590077877044677734 7.6187186241149902344 9.158935546875 7.5798687934875488281 9.72560882568359375
9.8233499526977539062 9.0147371292114257812 10.233843803405761719 11.643389701843261719 14.90775299072265625 11.438450813293457031 4.8796591758728027344 3.3721597194671630859 9.8909921646118164062 10.349556922912597656 4.2675037384033203125 4.4449315071105957031 5.137302398681640625 4.4052004814147949219 4.07993316650390625 8.2785234451293945312 7.1329979896545410156 6.1061983108520507812 9.2816181182861328125 8.7613172531127929688 10.099085807800292969 11.658763885498046875 14.04383087158203125 9.7827434539794921875 4.2245345115661621094 5.8922085762023925781 8.4851131439208984375 7.8007211685180664062 7.9339613914489746094 8.7896680831909179688 8.0076236724853515625 8.2584638595581054688 6.59108734130859375 4.8932361602783203125 5.256664276123046875 3.7547602653503417969 4.1219954490661621094 6.7502193450927734375 9.4178590774536132812 12.417652130126953125
17.916704177856445312 16.71695709228515625 17.1823577880859375 20.276849746704101562 19.816164016723632812 14.688744544982910156 11.977903366088867188 12.278764724731445312 13.754812240600585938 11.07779693603515625 5.3838601112365722656 3.3226101398468017578 2.8121654987335205078 2.0557601451873779297 3.5875966548919677734 5.9660596847534179688 4.660602569580078125 6.0543689727783203125 10.786188125610351562 15.781137466430664062 17.801542282104492188 18.616235733032226562 20.843166351318359375 19.42118072509765625 16.041118621826171875 15.044859886169433594 16.033050537109375 15.794584274291992188 16.967489242553710938 16.456567764282226562 15.0906524658203125 12.187380790710449219 7.285305023193359375 2.8050789833068847656 2.5873091220855712891 4.9792542457580566406 7.6729516983032226562 13.88347625732421875 16.319124221801757812 14.304311752319335938
15.220883369445800781 14.337667465209960938 12.073071479797363281 13.315626144409179688 13.057778358459472656 11.385838508605957031 12.152764320373535156 14.517009735107421875 13.005085945129394531 6.0214047431945800781 0.65161746740341186523 4.6541924476623535156 5.6911706924438476562 4.7953138351440429688 3.5838961601257324219 2.6318006515502929688 4.8796591758728027344 7.6621356010437011719 11.240696907043457031 13.001003265380859375 11.844503402709960938 12.947566986083984375 17.012590408325195312 18.963670730590820312 21.347932815551757812 19.609857559204101562 13.004320144653320312 9.2762556076049804688 11.230362892150878906 11.468571662902832031 11.824040412902832031 12.68276214599609375 11.373011589050292969 9.7092237472534179688 8.7654809951782226562 10.103026390075683594 10.667748451232910156 12.438737869262695312 12.600102424621582031 11.177958488464355469
12.651336669921875 12.935263633728027344 11.583691596984863281 10.485841751098632812 8.6890811920166015625 8.6665277481079101562 8.1809787750244140625 5.9326047897338867188 2.0150158405303955078 3.2672379016876220703 2.2366003990173339844 2.9368002414703369141 3.8636164665222167969 6.405788421630859375 7.87436676025390625 9.6941785812377929688 12.008880615234375 12.4938201904296875 10.982460975646972656 8.2524366378784179688 7.4696583747863769531 8.5520915985107421875 11.583691596984863281 13.150177001953125 14.922654151916503906 14.462063789367675781 10.064867019653320312 3.5288636684417724609 5.9910283088684082031 3.7049553394317626953 4.60330963134765625 7.3166551589965820312 9.3769121170043945312 9.9425058364868164062 9.2332439422607421875 9.1215534210205078125 8.878662109375 8.3085222244262695312 7.3420009613037109375 7.1793527603149414062
8.827327728271484375 9.6268768310546875 10.458917617797851562 9.3172893524169921875 6.9425745010375976562 5.3187713623046875 3.3583595752716064453 3.6289668083190917969 5.4010844230651855469 0.34557235240936279297 4.6112298965454101562 6.4840235710144042969 6.9887685775756835938 9.2400674819946289062 10.886899948120117188 11.003583908081054688 9.9174518585205078125 8.816799163818359375 7.6104416847229003906 6.4393606185913085938 6.3391571044921875 7.3152952194213867188 8.9641819000244140625 9.2228193283081054688 7.2070226669311523438 6.6820583343505859375 7.5504903793334960938 3.4015431404113769531 3.168270111083984375 5.1165976524353027344 5.7022347450256347656 3.0790650844573974609 4.2868928909301757812 7.1236910820007324219 8.5973539352416992188 9.197967529296875 7.5258469581604003906 5.3037819862365722656 3.3544063568115234375 1.2749283313751220703
0.49545431137084960938 1.2878720760345458984 1.3942368030548095703 1.8573956489562988281 1.3846871852874755859 0.73306965827941894531 2.2157390117645263672 5.2040233612060546875 4.0069174766540527344 4.2362966537475585938 5.1835851669311523438 5.8736004829406738281 5.965503692626953125 5.6107492446899414062 5.4353694915771484375 5.5393476486206054688 4.1219954490661621094 2.5885908603668212891 1.8085319995880126953 2.39696502685546875 2.2806611061096191406 3.168270111083984375 3.168270111083984375 2.5368139743804931641 4.7689542770385742188 6.4445099830627441406 3.6078813076019287109 5.0716657638549804688 3.7094295024871826172 2.2127428054809570312 6.8497366905212402344 8.0637664794921875 5.2288241386413574219 2.5158047676086425781 2.2689952850341796875 2.3494403362274169922 2.5368139743804931641 4.1612420082092285156 3.6879045963287353516 3.6861050128936767578
3.3246064186096191406 2.2366003990173339844 0.99425065517425537109 1.0075079202651977539 1.468400120735168457 2.9435696601867675781 3.5986752510070800781 3.8247849941253662109 1.7412488460540771484 3.6362721920013427734 4.2806978225708007812 3.4248683452606201172 4.9865770339965820312 4.631328582763671875 3.2005629539489746094 1.5815153121948242188 0.98419052362442016602 2.5885908603668212891 5.55907440185546875 6.5587978363037109375 6.9849700927734375 6.4114823341369628906 5.1010141372680664062 3.6608204841613769531 2.7380537986755371094 4.2495875358581542969 7.3865952491760253906 7.1529674530029296875 6.7845320701599121094 2.8333187103271484375 2.7991597652435302734 7.2497019767761230469 8.3958988189697265625 8.7427453994750976562 8.294536590576171875 6.7413678169250488281 5.5387487411499023438 5.5129351615905761719 2.8797695636749267578 4.8898453712463378906
