BASIN_DATA/DATA/7339001/morph/slope.asc
ncols        384
nrows        512
xllcorner    -72.750000000000
yllcorner    -36.500000000000
cellsize     0.001953125000
NODATA_value  -9999
[rows 90 to 107 of 512, columns 320 to 359 of 384]
28.430080413818359375 29.872636795043945312 17.587825775146484375 3.97783660888671875 18.265096664428710938 24.616489410400390625 26.159343719482421875 25.92547607421875 23.702585220336914062 20.4313507080078125 16.145006179809570312 11.622859001159667969 11.905679702758789062 13.215350151062011719 11.57653045654296875 9.08255767822265625 6.5996379852294921875 9.5117883682250976562 14.847105026245117188 10.100070953369140625 19.149753570556640625 28.83016204833984375 22.650737762451171875 10.011994361877441406 1.6712591648101806641 4.9525341987609863281 9.3878726959228515625 5.6549172401428222656 11.87778472900390625 10.311022758483886719 6.6850366592407226562 6.0395574569702148438 9.8233499526977539062 8.0485315322875976562 4.2519288063049316406 4.674106597900390625 4.3177342414855957031 4.2080125808715820312 3.9986302852630615234 4.3384280204772949219
26.38849639892578125 10.921277046203613281 9.750476837158203125 25.4471282958984375 28.666772842407226562 25.68018341064453125 22.829435348510742188 20.038064956665039062 20.690298080444335938 19.944478988647460938 19.364389419555664062 14.944867134094238281 15.831295967102050781 15.995558738708496094 16.201616287231445312 15.954859733581542969 12.901882171630859375 7.6867733001708984375 8.84234619140625 10.7704925537109375 23.49906158447265625 26.35289764404296875 19.104314804077148438 11.116954803466796875 10.618191719055175781 9.9531774520874023438 12.306020736694335938 7.6082620620727539062 9.4445905685424804688 9.8182830810546875 10.116479873657226562 9.699310302734375 6.36631011962890625 4.3200383186340332031 6.4021625518798828125 5.6736578941345214844 6.6157026290893554688 6.7624936103820800781 5.5129351615905761719 6.1951870918273925781
4.5939321517944335938 13.609341621398925781 27.939998626708984375 32.0263519287109375 24.422756195068359375 14.166593551635742188 6.5349836349487304688 6.1565136909484863281 1.4013563394546508789 6.2802753448486328125 13.718831062316894531 11.438160896301269531 6.1197643280029296875 5.8651227951049804688 6.776214599609375 5.8848853111267089844 4.2868928909301757812 3.255031585693359375 7.5452160835266113281 13.840641021728515625 18.82726287841796875 19.306917190551757812 13.588850975036621094 7.0332441329956054688 10.189664840698242188 12.348538398742675781 12.386357307434082031 7.8655147552490234375 7.9814829826354980469 10.370369911193847656 10.801554679870605469 8.8704385757446289062 5.6478734016418457031 2.9198081493377685547 3.0038082599639892578 4.1604447364807128906 6.5486745834350585938 7.0124607086181640625 5.1957302093505859375 6.0702376365661621094
10.974000930786132812 20.452447891235351562 26.108570098876953125 18.909542083740234375 0.83860158920288085938 13.001003265380859375 18.21271514892578125 21.0570831298828125 17.630588531494140625 12.560550689697265625 9.7922334671020507812 12.235192298889160156 11.618005752563476562 12.959858894348144531 11.582546234130859375 18.945470809936523438 22.124128341674804688 19.779468536376953125 16.258844375610351562 14.192561149597167969 8.9630718231201171875 14.043122291564941406 13.952119827270507812 7.50289154052734375 2.29949188232421875 2.8368289470672607422 5.4791355133056640625 3.2519726753234863281 4.3177342414855957031 6.9200811386108398438 7.8096466064453125 7.5754909515380859375 8.152545928955078125 9.2648057937622070312 6.9157652854919433594 6.0543689727783203125 5.9732837677001953125 6.0131354331970214844 5.0559439659118652344 5.5315570831298828125
10.058603286743164062 17.5150604248046875 22.15514373779296875 14.914649009704589844 11.201971054077148438 20.410070419311523438 17.476001739501953125 19.348108291625976562 20.69286346435546875 21.548376083374023438 23.558698654174804688 24.187047958374023438 17.739755630493164062 16.782510757446289062 16.910108566284179688 23.932254791259765625 22.679716110229492188 20.7615203857421875 17.927808761596679688 13.903771400451660156 8.5679798126220703125 8.2024412155151367188 12.494351387023925781 8.937870025634765625 5.0526623725891113281 4.1739773750305175781 6.0131354331970214844 4.5240802764892578125 3.6653482913970947266 2.4449226856231689453 4.3169655799865722656 5.5584774017333984375 6.6736135482788085938 9.1299142837524414062 10.002381324768066406 9.504810333251953125 8.3467626571655273438 8.7730464935302734375 7.9339613914489746094 7.0938258171081542969
10.011994361877441406 16.018768310546875 18.835895538330078125 11.795108795166015625 7.0223879814147949219 18.367422103881835938 12.162859916687011719 13.465994834899902344 19.504014968872070312 21.287088394165039062 20.900859832763671875 18.176980972290039062 14.686938285827636719 16.562055587768554688 16.583072662353515625 18.616769790649414062 14.670666694641113281 12.812870979309082031 14.460228919982910156 13.766141891479492188 14.252270698547363281 11.163704872131347656 9.6420259475708007812 7.0034670829772949219 4.5292100906372070312 4.1163582801818847656 6.2341523170471191406 3.8618988990783691406 3.9232568740844726562 3.3898203372955322266 1.7278617620468139648 3.1101512908935546875 4.88780975341796875 6.2781620025634765625 6.5161747932434082031 6.5334606170654296875 6.1224741935729980469 6.4599337577819824219 5.0487217903137207031 3.8978083133697509766
13.756017684936523438 17.052127838134765625 13.066921234130859375 10.100399017333984375 13.437635421752929688 19.07616424560546875 15.434920310974121094 9.7146883010864257812 12.94295501708984375 14.809297561645507812 14.225012779235839844 11.941289901733398438 11.657626152038574219 14.837046623229980469 13.788534164428710938 12.831757545471191406 9.786472320556640625 6.5085339546203613281 7.8507399559020996094 6.9234356880187988281 9.5145778656005859375 10.9818572998046875 9.4005842208862304688 6.02581024169921875 4.4820909500122070312 3.6653482913970947266 5.9943494796752929688 3.893550872802734375 3.2834424972534179688 2.8889701366424560547 2.6681029796600341797 1.5561418533325195312 1.7431528568267822266 3.5363757610321044922 4.4314780235290527344 4.9525341987609863281 5.1803846359252929688 4.9209523200988769531 3.3642809391021728516 1.8376450538635253906
11.555880546569824219 13.084425926208496094 15.688164710998535156 21.117961883544921875 19.813150405883789062 15.156455039978027344 11.07659912109375 7.2010364532470703125 3.8833136558532714844 5.4151921272277832031 6.4558243751525878906 8.2302989959716796875 10.369729995727539062 12.68276214599609375 10.075078964233398438 8.1047992706298828125 8.0088663101196289062 4.3292431831359863281 5.0011906623840332031 3.2580873966217041016 7.4798655509948730469 9.2773284912109375 7.3865952491760253906 4.6090712547302246094 2.1193225383758544922 2.5144858360290527344 5.8282437324523925781 5.7848258018493652344 3.8446812629699707031 2.39696502685546875 1.9309494495391845703 2.2528560161590576172 1.3133770227432250977 1.468400120735168457 2.3621134757995605469 3.0574419498443603516 3.1440966129302978516 2.6531414985656738281 1.6472685337066650391 0.62032133340835571289
12.139655113220214844 17.67362213134765625 19.186269760131835938 14.824521064758300781 8.425872802734375 4.7305421829223632812 6.3725600242614746094 7.3148417472839355469 3.8446812629699707031 2.4449226856231689453 3.6326212882995605469 3.7094295024871826172 5.4524312019348144531 7.6591043472290039062 10.167177200317382812 9.3354291915893554688 8.2036542892456054688 4.8898453712463378906 6.6835474967956542969 6.1213903427124023438 7.5218787193298339844 6.1457281112670898438 5.1366567611694335938 3.6689665317535400391 1.3870807886123657227 1.6712591648101806641 4.6591787338256835938 6.1925091743469238281 5.8651227951049804688 3.3236083984375 2.1931672096252441406 2.2127428054809570312 1.9834903478622436523 0.97742623090744018555 0.83065253496170043945 1.0927957296371459961 1.2217828035354614258 0.95337337255477905273 0.33583596348762512207 0.081452183425426483154
9.7092237472534179688 8.4097166061401367188 6.1909017562866210938 6.5496878623962402344 6.2654681205749511719 7.5469746589660644531 6.7098011970520019531 5.2849855422973632812 2.9198081493377685547 3.1932995319366455078 5.1835851669311523438 5.5315570831298828125 4.7911610603332519531 1.4060827493667602539 2.2821152210235595703 4.5182108879089355469 4.8229050636291503906 4.1866741180419921875 7.6582384109497070312 8.325672149658203125 5.9012093544006347656 4.1123270988464355469 4.7284379005432128906 3.3583595752716064453 1.2433136701583862305 2.5757441520690917969 5.3597764968872070312 5.3937091827392578125 5.9510283470153808594 5.2667512893676757812 2.5576505661010742188 2.29949188232421875 1.7919480800628662109 0.75095206499099731445 0.57595390081405639648 0.4072609245777130127 0.16290436685085296631 0.16290436685085296631 0.16290436685085296631 0.24435655772686004639
3.0951831340789794922 4.1985421180725097656 6.447597503662109375 5.8871393203735351562 9.1357259750366210938 10.329023361206054688 7.6604037284851074219 3.4364714622497558594 0.83860158920288085938 1.7259408235549926758 4.5160079002380371094 6.1322188377380371094 5.0559439659118652344 5.6830048561096191406 5.9376354217529296875 5.1010141372680664062 4.3991723060607910156 2.2232120037078857422 1.3482735157012939453 3.5811183452606201172 3.2273983955383300781 5.7779402732849121094 6.7132611274719238281 2.7380537986755371094 1.3822894096374511719 3.9936497211456298828 6.6716251373291015625 5.7161793708801269531 5.8401842117309570312 5.4863958358764648438 2.6077423095703125 1.5815153121948242188 1.0588784217834472656 0.62032133340835571289 0.59298086166381835938 0.29368004202842712402 0.081452183425426483154 0.25757443904876708984 0.081452183425426483154 0.4749437868595123291
1.151907801628112793 4.6076312065124511719 7.7048773765563964844 8.5248966217041015625 9.23432159423828125 8.3562955856323242188 7.7755913734436035156 5.9298086166381835938 3.6879045963287353516 2.2247035503387451172 1.6791797876358032227 5.2893772125244140625 5.1771817207336425781 5.2535080909729003906 5.0111303329467773438 4.4082117080688476562 4.1795368194580078125 2.8496625423431396484 1.9548524618148803711 2.8797695636749267578 1.5475915670394897461 4.4806103706359863281 9.207340240478515625 7.66905975341796875 6.3995714187622070312 5.5123333930969238281 5.5674223899841308594 4.7228221893310546875 4.9175806045532226562 4.4620633125305175781 1.8804696798324584961 0.63616192340850830078 0.36426523327827453613 0.32580873370170593262 0.32580873370170593262 0.25757443904876708984 0.33583596348762512207 0.081452183425426483154 0.18213261663913726807 0.92869782447814941406
2.2052342891693115234 3.2304804325103759766 4.7221198081970214844 4.5292100906372070312 4.871494293212890625 3.7094295024871826172 4.6434888839721679688 3.8291192054748535156 2.1688318252563476562 1.5561418533325195312 1.3942368030548095703 3.6170639991760253906 3.7147912979125976562 3.0994670391082763672 4.8352694511413574219 5.8008599281311035156 4.8132658004760742188 3.1472601890563964844 1.1078695058822631836 0.65161746740341186523 3.2834424972534179688 1.7182357311248779297 6.0015392303466796875 5.4724717140197753906 4.2143144607543945312 3.5875966548919677734 3.4824976921081542969 4.7918534278869628906 5.0381979942321777344 3.8636164665222167969 0.95337337255477905273 0.36426523327827453613 0.23038156330585479736 0.23038156330585479736 0.23038156330585479736 0.18213261663913726807 0.29368004202842712402 0 0.49545431137084960938 0.92869782447814941406
3.5922167301177978516 2.4932885169982910156 3.0236210823059082031 2.8786175251007080078 2.4986047744750976562 3.2438018321990966797 4.9040708541870117188 3.5241603851318359375 2.6064698696136474609 2.9424426555633544922 2.7319893836975097656 2.0428104400634765625 3.6289668083190917969 4.1572542190551757812 6.1441082954406738281 6.748744964599609375 4.5240802764892578125 2.8333187103271484375 1.8466488122940063477 2.4176347255706787109 3.0137307643890380859 2.7222583293914794922 3.1808094978332519531 4.8118872642517089844 3.5137910842895507812 2.9827518463134765625 3.0671911239624023438 4.6434888839721679688 4.7080488204956054688 3.3236083984375 0.57595390081405639648 0.4072609245777130127 0.16290436685085296631 0.4072609245777130127 0.33583596348762512207 0.32580873370170593262 0.36426523327827453613 0.48871311545372009277 1.3032349348068237305 1.6613050699234008789
5.865688323974609375 5.1010141372680664062 5.6172490119934082031 4.7284379005432128906 2.4986047744750976562 3.6879045963287353516 4.6648712158203125 3.6879045963287353516 2.7705719470977783203 3.5024440288543701172 3.4681801795959472656 3.1776793003082275391 5.5680179595947265625 6.0822477340698242188 6.2765765190124511719 4.4052004814147949219 3.0617787837982177734 3.2222549915313720703 1.9223406314849853516 2.5092031955718994141 3.2519726753234863281 2.7705719470977783203 2.2646050453186035156 4.6648712158203125 5.66312408447265625 5.6865057945251464844 5.1514883041381835938 5.3169002532958984375 4.4254856109619140625 2.2157390117645263672 0.25757443904876708984 0.16290436685085296631 0.25757443904876708984 0.16290436685085296631 1.0927957296371459961 1.8591806888580322266 3.146205902099609375 4.2331633567810058594 4.4983439445495605469 4.4149789810180664062
3.0606951713562011719 2.88207244873046875 3.7732675075531005859 3.4219613075256347656 4.0077452659606933594 4.2080125808715820312 4.36586761474609375 4.3361334800720214844 4.07993316650390625 4.543834686279296875 2.8693838119506835938 2.9514477252960205078 4.5903201103210449219 4.6655821800231933594 4.1612420082092285156 4.6627373695373535156 5.2818460464477539062 5.3813948631286621094 4.3544554710388183594 2.6077423095703125 1.7182357311248779297 1.8304102420806884766 1.166217803955078125 1.5019041299819946289 2.5368139743804931641 3.0617787837982177734 2.9827518463134765625 4.0734238624572753906 2.9368002414703369141 1.0302977561950683594 0.29368004202842712402 0.33583596348762512207 0.11519078165292739868 1.5815153121948242188 2.9072840213775634766 4.5678629875183105469 7.4975838661193847656 8.5400590896606445312 7.9515023231506347656 6.8313088417053222656
1.8734002113342285156 0.81452184915542602539 0.59298086166381835938 4.1723875999450683594 6.5653696060180664062 5.8486981391906738281 6.2850270271301269531 5.7716217041015625 3.6426525115966796875 2.3719234466552734375 0.75095206499099731445 2.2719173431396484375 4.2495875358581542969 6.405788421630859375 5.9298086166381835938 4.4924407005310058594 4.3544554710388183594 4.9465022087097167969 4.4865293502807617188 4.2495875358581542969 4.4052004814147949219 3.4557235240936279297 1.5368367433547973633 1.3870807886123657227 1.3159003257751464844 1.4661393165588378906 1.0075079202651977539 2.8086245059967041016 1.210873723030090332 0.4072609245777130127 0.52154844999313354492 0.4072609245777130127 0.58736008405685424805 2.1240131855010986328 2.9514477252960205078 4.9209523200988769531 7.6841835975646972656 8.1915149688720703125 9.6821947097778320312 8.6085367202758789062
3.5922167301177978516 2.1426725387573242188 0.49545431137084960938 3.6069617271423339844 7.6517381668090820312 6.6581869125366210938 5.9743943214416503906 7.7486677169799804688 9.678768157958984375 10.322598457336425781 9.2217397689819335938 6.6021504402160644531 3.8627576828002929688 3.8360433578491210938 4.4917020797729492188 4.6076312065124511719 3.9944803714752197266 2.7741615772247314453 2.9243490695953369141 3.0225236415863037109 3.6472029685974121094 3.7503402233123779297 2.6229627132415771484 1.6712591648101806641 0.98081421852111816406 1.468400120735168457 1.1315698623657226562 2.1688318252563476562 0.83860158920288085938 0.25757443904876708984 0.11519078165292739868 0.18213261663913726807 1.1747201681137084961 1.6126710176467895508 2.8786175251007080078 5.6107492446899414062 6.6101846694946289062 6.669635772705078125 3.4034929275512695312 5.7190804481506347656
