BASIN_DATA/DATA/7339001/morph/slope.asc
ncols        384
nrows        512
xllcorner    -72.750000000000
yllcorner    -36.500000000000
cellsize     0.001953125000
NODATA_value  -9999
[rows 306 to 323 of 512, columns 80 to 119 of 384]
16.673841476440429688 19.815828323364257812 22.224658966064453125 25.51482391357421875 25.622377395629882812 21.571300506591796875 16.33618927001953125 9.5312976837158203125 5.0697035789489746094 4.9047474861145019531 8.2909364700317382812 9.3144407272338867188 2.6518909931182861328 11.896481513977050781 18.138250350952148438 7.9008617401123046875 3.0269105434417724609 4.3605456352233886719 7.6082620620727539062 6.5207548141479492188 3.5848217010498046875 4.3536934852600097656 12.344777107238769531 17.670619964599609375 16.539808273315429688 15.903004646301269531 19.203550338745117188 23.898271560668945312 24.121538162231445312 21.134449005126953125 17.575750350952148438 16.549833297729492188 17.15395355224609375 18.408193588256835938 20.94525146484375 21.749105453491210938 18.866336822509765625 11.392246246337890625 2.9615459442138671875 2.9368002414703369141
5.8060040473937988281 12.493023872375488281 11.012624740600585938 12.308176994323730469 16.525964736938476562 17.440090179443359375 16.290437698364257812 9.8570604324340820312 3.8360433578491210938 2.65938568115234375 1.3556345701217651367 6.958324432373046875 11.406214714050292969 7.3152952194213867188 21.111833572387695312 19.893352508544921875 13.978723526000976562 10.345709800720214844 10.075078964233398438 14.427157402038574219 14.662524223327636719 15.918433189392089844 20.210649490356445312 23.63082122802734375 24.375986099243164062 21.598348617553710938 19.85579681396484375 22.375791549682617188 23.0349884033203125 17.881862640380859375 10.74335479736328125 13.690268516540527344 17.739755630493164062 16.791797637939453125 16.430341720581054688 16.805225372314453125 12.480271339416503906 4.5160079002380371094 5.6724882125854492188 8.447498321533203125
13.019361495971679688 14.061062812805175781 21.450242996215820312 25.972137451171875 23.997865676879882812 20.037899017333984375 18.571813583374023438 11.133950233459472656 3.8498544692993164062 4.1890501976013183594 7.3528361320495605469 6.4916930198669433594 12.368937492370605469 6.2165679931640625 10.28912353515625 12.669415473937988281 13.952119827270507812 14.824521064758300781 16.077472686767578125 16.024566650390625 16.7809295654296875 20.935588836669921875 24.635347366333007812 25.691677093505859375 31.571943283081054688 32.488803863525390625 29.70269775390625 28.29522705078125 27.713499069213867188 25.713102340698242188 23.377912521362304688 18.376451492309570312 17.595369338989257812 21.794054031372070312 20.827722549438476562 13.480029106140136719 4.2080125808715820312 4.8578562736511230469 7.8439764976501464844 9.1795568466186523438
17.924848556518554688 22.657766342163085938 25.38709259033203125 22.512063980102539062 19.232721328735351562 18.684001922607421875 18.491260528564453125 11.0252685546875 6.1094570159912109375 8.0237636566162109375 9.875888824462890625 8.4573106765747070312 8.6844987869262695312 8.7806062698364257812 4.9552125930786132812 7.9781575202941894531 8.2488183975219726562 8.05553436279296875 7.78710174560546875 8.163524627685546875 6.8598990440368652344 11.841702461242675781 17.823888778686523438 16.267818450927734375 20.450338363647460938 24.557529449462890625 27.883428573608398438 29.438402175903320312 26.875394821166992188 22.691122055053710938 24.243761062622070312 27.261304855346679688 26.5938568115234375 25.035650253295898438 16.884981155395507812 4.526279449462890625 8.7157640457153320312 10.934026718139648438 10.16619873046875 9.9174518585205078125
7.6582384109497070312 13.83464813232421875 13.939989089965820312 9.2131023406982421875 9.4445905685424804688 12.543900489807128906 13.0610809326171875 6.1110854148864746094 5.2943921089172363281 7.4758729934692382812 6.2437229156494140625 6.2802753448486328125 6.819644927978515625 9.0062694549560546875 5.2364315986633300781 7.8096466064453125 6.3354930877685546875 2.8693838119506835938 0.85038578510284423828 4.0448207855224609375 1.6791797876358032227 8.7972126007080078125 18.014379501342773438 13.29692840576171875 4.3445405960083007812 6.3532705307006835938 10.830384254455566406 12.987729072570800781 11.703350067138671875 8.8704385757446289062 9.29697418212890625 11.513606071472167969 12.7258453369140625 12.692173957824707031 5.1547069549560546875 5.4524312019348144531 8.3017320632934570312 8.1439962387084960938 7.9113512039184570312 7.3093976974487304688
3.1292908191680908203 12.700534820556640625 11.720343589782714844 8.0703458786010742188 8.2909364700317382812 10.982460975646972656 11.537781715393066406 5.1630663871765136719 7.0956964492797851562 9.7198095321655273438 6.7580776214599609375 6.0543689727783203125 6.5212635993957519531 5.9376354217529296875 7.7755913734436035156 11.382341384887695312 10.425879478454589844 6.6312284469604492188 5.2818460464477539062 3.3790388107299804688 1.6772031784057617188 7.4953713417053222656 16.084692001342773438 15.14397430419921875 10.927957534790039062 10.495960235595703125 10.451937675476074219 7.4993534088134765625 7.8300085067749023438 8.21092987060546875 9.579898834228515625 10.121068954467773438 9.1259164810180664062 8.7915554046630859375 5.0697035789489746094 9.9774770736694335938 11.000870704650878906 11.356958389282226562 12.9690704345703125 12.739131927490234375
8.23795318603515625 15.8516082763671875 15.644121170043945312 13.247441291809082031 11.783572196960449219 10.345709800720214844 10.418559074401855469 9.0411930084228515625 8.2460031509399414062 9.5906276702880859375 8.9966878890991210938 11.008105278015136719 9.9498434066772460938 2.7319893836975097656 15.249189376831054688 16.86138916015625 14.295960426330566406 11.119640350341796875 9.7633962631225585938 7.2010364532470703125 5.7698969841003417969 9.4558229446411132812 17.594614028930664062 23.429080963134765625 22.387500762939453125 21.775934219360351562 22.131624221801757812 19.495849609375 18.520479202270507812 17.548740386962890625 17.419345855712890625 16.618242263793945312 14.033433914184570312 10.352441787719726562 10.381559371948242188 16.326642990112304688 17.288213729858398438 20.367933273315429688 23.20072174072265625 21.523883819580078125
13.28569793701171875 16.849580764770507812 14.237599372863769531 12.509740829467773438 11.547266006469726562 6.7167191505432128906 5.8197002410888671875 10.1740264892578125 5.5411438941955566406 5.5680179595947265625 6.7781724929809570312 8.0109376907348632812 7.1404352188110351562 9.9124326705932617188 17.598573684692382812 12.234649658203125 6.5532321929931640625 3.3583595752716064453 6.4161372184753417969 8.7199497222900390625 10.919757843017578125 14.076389312744140625 19.590902328491210938 23.969095230102539062 22.863847732543945312 23.250425338745117188 24.895338058471679688 20.376888275146484375 15.226330757141113281 10.181848526000976562 8.4490690231323242188 11.504382133483886719 13.166311264038085938 6.2718181610107421875 13.156481742858886719 18.406391143798828125 18.919713973999023438 19.708230972290039062 16.958494186401367188 15.352169990539550781
11.513606071472167969 15.800253868103027344 13.477813720703125 12.514247894287109375 9.5580587387084960938 9.587860107421875 1.6310787200927734375 9.1867809295654296875 7.6655983924865722656 8.132991790771484375 13.402288436889648438 4.417232513427734375 8.2845325469970703125 13.136295318603515625 14.530941963195800781 12.020200729370117188 12.110107421875 11.452363014221191406 9.4023485183715820312 6.4922041893005371094 4.9209523200988769531 5.8520998954772949219 3.9586098194122314453 6.6332292556762695312 7.6104416847229003906 9.4498577117919921875 14.330029487609863281 15.030521392822265625 15.641576766967773438 13.145131111145019531 10.777881622314453125 11.57653045654296875 10.058603286743164062 8.4384622573852539062 18.245471954345703125 20.6305694580078125 17.127634048461914062 10.637854576110839844 2.5563530921936035156 2.6718304157257080078
7.7896571159362792969 11.643389701843261719 13.37924957275390625 16.469663619995117188 13.164044380187988281 9.5830144882202148438 12.765145301818847656 3.7094295024871826172 5.3641071319580078125 7.8405923843383789062 15.946748733520507812 5.6101579666137695312 9.5615291595458984375 13.416141510009765625 12.744599342346191406 10.13744354248046875 13.195505142211914062 17.742746353149414062 18.913225173950195312 19.372953414916992188 18.571277618408203125 17.456060409545898438 16.76293182373046875 17.11290740966796875 14.989193916320800781 12.606945991516113281 8.3911561965942382812 6.9406628608703613281 17.360591888427734375 22.353097915649414062 21.828273773193359375 18.862644195556640625 17.623249053955078125 20.24164581298828125 19.874332427978515625 15.842816352844238281 4.7270345687866210938 6.5496878623962402344 14.7617340087890625 16.974916458129882812
14.521350860595703125 10.911249160766601562 11.770334243774414062 14.861173629760742188 17.808248519897460938 5.831089019775390625 16.538003921508789062 5.3262505531311035156 6.6312284469604492188 9.8020524978637695312 16.2190093994140625 4.3863344192504882812 7.9489989280700683594 10.367490768432617188 9.5812835693359375 10.573108673095703125 15.001360893249511719 14.083456993103027344 12.744078636169433594 13.276955604553222656 13.265707969665527344 13.651444435119628906 15.991410255432128906 16.511505126953125 14.552613258361816406 13.163036346435546875 10.153138160705566406 6.1110854148864746094 5.3696699142456054688 17.380071640014648438 23.959268569946289062 23.54024505615234375 29.435697555541992188 30.595354080200195312 22.617908477783203125 12.385018348693847656 6.2802753448486328125 13.950217247009277344 15.900084495544433594 13.256702423095703125
16.833036422729492188 10.302976608276367188 12.396262168884277344 18.01714324951171875 20.348052978515625 10.432559013366699219 16.639387130737304688 8.7442626953125 9.1317310333251953125 13.658975601196289062 12.695310592651367188 5.3857083320617675781 13.301668167114257812 10.335444450378417969 1.151907801628112793 8.8816499710083007812 11.89313507080078125 10.920973777770996094 8.8517208099365234375 8.04688262939453125 10.589097023010253906 9.6268768310546875 12.690344810485839844 12.629291534423828125 10.142678260803222656 7.7772974967956542969 6.9592776298522949219 9.6217060089111328125 7.0718135833740234375 6.2165679931640625 18.327465057373046875 23.342126846313476562 31.441492080688476562 31.9751434326171875 29.528635025024414062 22.188806533813476562 19.560060501098632812 17.78961181640625 12.116953849792480469 8.5073680877685546875
18.742677688598632812 15.655779838562011719 12.71306610107421875 18.086971282958984375 17.675312042236328125 9.3956432342529296875 16.518535614013671875 19.364561080932617188 20.88434600830078125 16.899709701538085938 2.8693838119506835938 12.350955963134765625 7.8705739974975585938 3.1430413722991943359 2.9649043083190917969 9.2224597930908203125 8.0542993545532226562 8.0369825363159179688 9.3701877593994140625 8.1391077041625976562 10.21794891357421875 10.558980941772460938 10.103026390075683594 7.6534719467163085938 4.6434888839721679688 1.8945294618606567383 4.8352694511413574219 6.91240692138671875 8.7896680831909179688 6.3438649177551269531 6.7448115348815917969 17.905035018920898438 19.793048858642578125 16.512510299682617188 20.984018325805664062 25.809162139892578125 30.301198959350585938 27.014879226684570312 24.51981353759765625 26.629259109497070312
15.894032478332519531 19.205623626708984375 11.329175949096679688 13.397089004516601562 14.209612846374511719 10.254568099975585938 6.82061767578125 15.923016548156738281 17.35065460205078125 12.26903533935546875 11.797921180725097656 10.86005401611328125 9.5076017379760742188 12.538610458374023438 9.9774770736694335938 11.174099922180175781 11.153002738952636719 5.5081191062927246094 7.5754909515380859375 7.7657728195190429688 8.2893352508544921875 8.7012891769409179688 6.4962906837463378906 7.1724185943603515625 5.6390566825866699219 4.4352192878723144531 6.5795016288757324219 5.8651227951049804688 7.8802618980407714844 10.992122650146484375 9.9521770477294921875 10.097443580627441406 10.294280052185058594 9.7433290481567382812 3.7609393596649169922 10.899081230163574219 27.459173202514648438 28.4506072998046875 27.408750534057617188 26.077423095703125
13.912118911743164062 21.730642318725585938 18.025241851806640625 11.786106109619140625 6.1441082954406738281 13.5871429443359375 10.837733268737792969 6.5182108879089355469 5.9028954505920410156 6.6182093620300292969 13.974925994873046875 15.490912437438964844 16.324611663818359375 15.869594573974609375 16.804040908813476562 15.008435249328613281 8.088001251220703125 1.0867077112197875977 3.7653470039367675781 3.6861050128936767578 1.9360963106155395508 2.1318078041076660156 3.9037611484527587891 6.3396806716918945312 5.8401842117309570312 6.1311368942260742188 8.1598663330078125 6.0395574569702148438 5.9460096359252929688 9.3471479415893554688 10.958271026611328125 15.680338859558105469 18.19011688232421875 15.615894317626953125 13.968515396118164062 5.7161793708801269531 15.475914955139160156 22.8211517333984375 21.310138702392578125 18.801168441772460938
17.530961990356445312 21.135232925415039062 20.046009063720703125 16.428524017333984375 11.680652618408203125 15.015948295593261719 14.784861564636230469 4.5064482688903808594 1.4502149820327758789 3.3405327796936035156 4.8496551513671875 6.2128319740295410156 7.0091485977172851562 6.7191882133483886719 7.6243772506713867188 6.0296626091003417969 3.7441434860229492188 6.2437229156494140625 5.9012093544006347656 3.3878626823425292969 2.191654205322265625 3.4335744380950927734 4.88780975341796875 5.53035736083984375 4.0044331550598144531 5.0559439659118652344 7.9947714805603027344 5.5177469253540039062 3.6977856159210205078 4.3169655799865722656 9.5670785903930664062 14.421407699584960938 16.499446868896484375 18.31787109375 19.491594314575195312 17.5243377685546875 12.528023719787597656 5.0977616310119628906 4.7973885536193847656 12.397065162658691406
8.4160251617431640625 12.579023361206054688 16.575069427490234375 17.978067398071289062 19.164644241333007812 18.082017898559570312 10.512381553649902344 2.4866273403167724609 5.3368277549743652344 7.0487914085388183594 8.9612207412719726562 9.4799985885620117188 8.0802049636840820312 5.0375394821166992188 2.6977770328521728516 2.1642384529113769531 8.2604722976684570312 5.6490483283996582031 1.3159003257751464844 1.468400120735168457 4.4828310012817382812 7.912609100341796875 11.10650634765625 12.695310592651367188 11.35462188720703125 10.792645454406738281 11.133950233459472656 9.3254747390747070312 8.0109376907348632812 5.6414089202880859375 10.437327384948730469 15.30022430419921875 18.775745391845703125 26.077423095703125 32.52921295166015625 35.174709320068359375 33.21831512451171875 29.8370819091796875 25.84615325927734375 20.478057861328125
8.6970949172973632812 2.6990063190460205078 6.7098011970520019531 6.6914839744567871094 5.3955540657043457031 6.2000041007995605469 1.9084856510162353516 6.4511981010437011719 4.1211910247802734375 5.3362059593200683594 8.3899707794189453125 10.138424873352050781 11.86101531982421875 10.201052665710449219 8.2282838821411132812 5.6255102157592773438 5.2440280914306640625 6.9711842536926269531 5.0137772560119628906 4.1115202903747558594 7.1793527603149414062 9.2332439422607421875 14.580851554870605469 15.815153121948242188 14.116629600524902344 12.89339447021484375 14.038396835327148438 15.375489234924316406 15.876491546630859375 17.605733871459960938 18.18209075927734375 11.815059661865234375 11.776814460754394531 20.390558242797851562 28.83453369140625 32.73415374755859375 33.43441009521484375 34.748882293701171875 35.208644866943359375 31.104925155639648438
