BASIN_DATA/DATA/7339001/morph_soilgrids/facc.asc
ncols        384
nrows        512
xllcorner    -72.750000000000
yllcorner    -36.500000000000
cellsize     0.001953125000
NODATA_value -9999
[rows 284 to 354 of 512, columns 192 to 287 of 384]
1 0 0 1 233 2 0 0 0 0 0 1 1 4 9 220 232 233 237 146 0 19 0 0 98 94 7 2 1 1 10 0 0 2 0 0 2 1 73 20 0 0 0 0 0 1 3 4 2 1 3 1 0 0 3 0 2106 5 2 0 0 2 2716 5 0 1 0 0 0 11 2 1 0 17 10 2 1 5 59 1 0 0 1 0 0 8 5 3 0 0 0 0 0 3 5 10
0 0 1 221 4 0 0 0 1 1 0 3 200 201 207 1 6 0 1 141 3 0 18 1 0 74 5 2 0 0 2 5 1 0 1 0 0 0 49 0 18 5 2 0 0 0 1 1 1 0 2 0 0 0 0 0 2095 0 1 1 1 0 2709 0 2 0 0 2 12 0 0 0 18 0 0 0 0 66 2 1 0 0 0 0 0 0 0 0 0 0 0 1 2 0 5 3
0 0 1 216 2 0 0 0 4 2 1 191 1 2 1 0 5 0 0 138 0 1 17 1 0 73 0 4 0 0 0 4 0 0 23 0 1 0 44 0 1 9 0 0 1 0 0 0 0 0 0 0 0 3 0 0 2092 0 0 0 0 1 2706 6 2 0 0 20 15 0 1 21 0 2 0 1 77 8 4 3 2 0 4 1 0 0 0 0 0 1 0 0 2 4 2 7
0 0 1 213 1 0 0 2 8 12 188 0 0 1 0 3 0 0 121 11 3 0 1 12 0 71 0 0 3 0 0 3 0 19 0 24 0 42 0 0 0 0 6 1 3 0 0 0 0 0 0 0 2 0 4 2057 32 30 1 0 0 0 2696 1 0 0 23 0 28 27 23 0 0 3 1 82 1 0 29 28 27 26 20 19 17 15 13 11 8 7 0 0 0 1 3 2
0 1 2 212 0 0 1 2 40 167 82 5 0 0 1 0 0 0 119 10 0 2 0 1 9 63 5 2 0 0 0 0 16 0 0 2 34 1 0 0 0 0 5 0 8 0 1 1 1 0 1 3 7 0 2049 4 0 0 27 24 0 0 2692 0 0 1 58 33 1 0 0 0 1 6 83 0 0 34 3 2 1 0 0 0 1 0 0 0 0 2 1 0 0 0 1 1
0 0 1 204 0 0 1 2 33 41 0 81 3 0 0 0 3 7 109 7 0 0 0 0 8 60 1 0 1 0 10 12 15 0 0 4 0 0 0 2 1 3 0 0 3 13 16 22 2 0 1 2 0 2034 7 4 2 0 0 21 0 0 4 2684 0 63 1 0 1 0 1 0 96 93 1 1 42 5 3 1 0 0 6 3 0 5 3 1 0 0 0 0 0 0 0 0
0 2 3 199 0 0 1 5 26 39 0 1 78 1 0 1 0 1 108 15 6 2 1 0 6 58 0 0 0 7 0 0 0 0 1 0 0 1 0 4 0 1 0 0 0 0 0 0 24 30 31 0 2008 15 0 1 3 1 3 15 0 0 1 3 2677 0 0 0 0 2 1 97 0 0 47 44 0 0 0 0 1 7 9 8 7 0 0 1 0 3 0 0 2 1 0 0
0 1 195 0 0 0 2 2 22 38 1 0 71 5 0 0 0 1 88 0 14 2 0 0 5 54 2 0 3 1 0 0 1 0 0 0 0 2 0 6 0 2 0 0 0 0 0 0 0 0 0 1999 3 0 13 0 2 0 2 14 1 0 0 1 2 2608 2547 2271 2268 2265 102 1 0 50 0 0 0 0 0 24 21 12 1 0 0 6 4 1 0 5 0 0 4 3 1 0
0 1 190 1 0 0 1 1 21 35 0 0 70 2 0 0 1 40 46 43 0 12 0 0 3 52 0 0 2 0 2 0 1 4 18 23 24 29 46 0 1 0 5 0 0 1 2 1 0 0 1961 3 0 1 0 11 1 1 6 3 0 0 0 0 0 59 273 0 0 0 2157 2 0 51 2 0 2 31 29 3 2 1 0 1 7 1 0 0 0 6 0 0 6 6 0 1
0 1 185 1 0 0 0 0 18 31 1 0 63 5 1 0 2 37 0 0 42 11 1 0 1 0 50 0 0 1 0 6 7 11 0 0 2 1 1 48 53 61 0 0 1 1 2 5 1947 1950 7 0 1 0 0 9 0 0 5 1 0 0 0 5 56 1 0 271 0 0 1 2150 56 3 0 3 35 2 1 0 0 0 2 8 2 0 3 1 0 7 1 0 15 1 0 2
1 2 182 1 0 0 1 2 16 28 1 0 62 4 0 0 0 10 21 0 41 8 0 0 0 0 48 0 0 0 1 0 1 0 0 1 0 0 0 0 0 0 64 1 2 2 5 1939 0 0 0 4 0 0 6 0 0 3 0 0 0 1 3 48 0 0 0 269 0 0 0 0 2090 79 77 72 35 34 33 32 30 29 24 14 10 8 3 2 1 8 2 24 3 0 1 0
0 1 176 1 0 0 1 2 12 27 1 0 61 3 0 0 2 9 19 0 40 6 2 1 17 18 46 6 0 2 4 5 25 26 28 32 33 0 0 0 1 2 68 0 0 6 1914 0 16 5 0 3 0 0 4 0 2 0 0 0 0 0 38 47 0 0 1 266 3 0 0 1 0 2006 3 2 1 0 0 0 0 0 0 0 1 0 0 0 0 9 0 27 1 0 2 0
4 66 101 2 1 0 0 1 6 14 9 0 60 0 0 0 1 3 17 0 39 0 1 0 16 0 18 5 0 0 0 14 3 0 1 0 0 35 2 0 0 0 0 69 2 1904 2 0 9 1 1 0 0 0 0 0 0 0 25 26 31 36 0 2 2 0 0 257 0 1 0 2 0 2001 0 0 0 0 3 0 1 2 1 3 0 0 1 1 1 10 30 0 0 0 3 0
59 0 2 97 0 0 0 2 2 13 6 0 57 1 0 0 1 0 14 0 21 16 1 0 15 0 16 4 0 2 12 0 1 0 0 0 0 0 39 0 2 0 1 71 1895 2 1 1 0 7 0 0 0 3 0 0 1 19 1 2 1 0 1 0 0 0 255 1 0 0 0 0 6 1998 2 0 2 5 0 0 5 2 4 0 0 1 2 2 2 42 0 0 1 7 1 0
51 0 0 50 44 0 0 0 1 12 4 0 0 55 0 0 0 2 9 0 20 11 1 0 14 0 14 3 0 6 1 0 0 1 2 29 34 35 37 41 3 0 3 1817 2 1 1 0 0 6 1 0 0 0 14 15 16 0 0 0 0 0 0 1 2 3 250 0 0 0 0 1 8 1987 0 3 7 0 0 1 9 5 1 0 7 3 0 3 3 43 17 15 11 2 0 0
1 0 0 46 1 41 7 4 0 11 1 1 0 50 1 0 0 4 2 0 19 9 0 0 13 10 2 2 0 4 0 0 0 22 24 0 0 0 0 38 42 5 1807 2 1 1 0 0 0 1 0 0 0 7 0 0 0 0 0 0 0 1 3 0 0 13 229 0 0 4 5 7 0 1766 209 208 0 4 2 22 11 4 1 8 0 0 5 89 84 83 11 6 1 0 0 0
0 0 1 43 0 30 0 1 3 10 0 0 0 1 46 1 0 2 1 13 4 3 4 0 11 9 1 1 0 2 0 1 20 0 0 0 0 0 2 1 82 1796 1 0 1 0 0 0 0 0 0 3 6 0 0 2 1 0 3 1 0 0 0 6 12 0 226 0 0 0 0 0 1 1764 0 0 193 0 148 124 123 122 121 111 108 102 95 3 2 8 0 3 3 1 0 0
0 1 40 0 0 29 0 0 2 4 4 1 0 35 1 5 0 1 0 12 3 2 2 0 10 8 0 0 1 0 6 14 1 0 0 1 2 0 0 5 1709 0 0 0 0 0 0 2 0 0 0 0 1 2 0 3 2 0 0 7 1 0 0 0 1 0 225 0 0 1 2 0 0 1760 0 0 1 183 0 2 1 0 0 0 0 3 1 0 1 1 4 0 1 0 0 0
0 1 23 11 0 25 1 0 1 3 1 0 0 34 0 0 3 0 0 10 2 1 1 0 8 3 3 0 0 4 4 1 0 0 2 4 10 0 2 1679 0 21 19 17 10 5 4 0 1 6 0 0 0 0 5 6 15 17 0 0 8 3 0 0 0 0 220 0 0 0 5 15 16 1757 0 0 0 4 26 0 0 1 2 0 1 0 0 0 0 0 1 1 0 0 1 0
3 20 1 8 0 21 2 1 0 2 0 0 13 1 16 0 1 0 0 8 1 0 0 4 2 2 2 0 2 2 0 0 0 0 0 1 0 12 1673 0 0 0 0 3 0 3 1 1 2 5 14 0 0 0 0 0 0 0 20 155 157 188 190 192 0 214 0 3 2 3 0 3 1 1738 3 1 3 0 0 19 16 10 6 5 2 1 0 0 0 0 0 0 0 1 5 6
3 11 0 5 1 1 18 0 0 0 0 0 11 0 5 8 3 0 0 3 2 0 0 2 1 1 1 0 0 0 0 1 0 1 3 0 3 1640 0 17 2 1 0 1 0 0 0 0 0 0 0 15 2 1 0 130 131 132 133 0 1 14 12 15 213 0 0 1 0 0 2 0 0 1731 0 0 0 2 1 0 0 2 1 0 0 15 14 12 10 9 1 0 0 2 8 10
1 4 3 4 0 0 8 7 6 5 0 0 5 2 4 0 2 2 0 1 0 0 0 0 0 0 0 0 1 2 3 4 7 1 2 8 1633 1 0 13 8 7 0 0 0 1 2 3 4 0 0 1 119 123 125 0 6 8 9 12 13 9 1 1 0 0 0 0 0 0 0 1 0 1728 0 55 54 52 32 0 0 0 0 23 21 4 3 2 0 5 2 0 0 2 1 0
1 1 2 1 1 0 2 3 0 3 0 1 2 1 1 1 1 0 0 0 0 0 0 0 0 0 0 0 0 1 0 0 1 10 11 1619 0 1 0 0 2 5 0 0 0 0 1 4 5 60 62 96 0 0 0 2 2 0 1 0 5 2 0 0 119 121 122 0 2 3 4 6 9 1725 57 0 0 0 17 30 28 26 24 4 3 2 1 0 0 0 0 0 0 0 0 0
0 0 1 0 0 0 0 0 0 0 0 0 1 0 0 0 0 0 0 0 0 2 1 1 1 1 0 2 0 0 4 6 7 8 0 1605 42 40 0 0 0 1 1 0 12 0 1 0 46 0 6 25 0 0 1 0 1 0 0 1 3 1 0 118 0 0 0 125 138 0 0 0 2 1656 16 7 6 0 0 16 15 14 13 7 5 2 1 0 0 0 0 0 0 1 0 0
0 0 0 0 0 0 0 0 0 0 1 0 0 0 0 0 0 0 2 1 0 4 2 2 2 2 0 4 1 0 0 0 1 5 16 1560 0 0 39 36 0 0 0 4 3 39 42 45 0 4 0 19 3 0 0 38 0 0 75 0 0 0 113 1 0 0 0 10 0 139 1 0 151 1635 0 7 0 4 1 0 1 0 0 0 0 1 0 2 0 2 1 0 0 0 2 4
0 1 0 1 1 0 1 3 0 4 0 0 0 1 0 1 2 1 3 0 2 4 11 0 3 0 3 6 2 0 0 1 2 0 0 1541 0 0 0 19 14 0 3 2 0 23 1 1 1 0 17 0 2 0 37 0 71 74 0 80 0 111 0 0 2 0 7 0 0 1 148 150 0 1481 0 0 4 0 0 25 5 4 2 0 0 0 3 0 0 5 0 1 1 1 0 0
1 4 1 7 2 1 2 11 0 6 0 1 3 2 1 2 8 16 0 0 2 3 23 0 4 1 4 5 16 18 19 21 22 23 24 1538 0 0 6 11 13 0 0 1 19 2 0 0 0 15 0 0 0 32 0 19 9 0 0 0 108 0 0 0 0 3 4 0 1 2 0 0 0 1478 0 0 0 0 27 0 16 15 14 13 11 9 4 2 1 11 4 2 2 2 4 6
0 5 0 8 0 0 0 12 7 0 0 0 4 3 0 0 0 17 0 0 0 0 24 0 5 2 0 0 0 0 0 0 0 1 0 1511 4 0 4 10 1 10 0 0 18 1 0 4 12 1 0 25 26 31 0 18 8 0 1 2 24 0 0 0 0 0 24 0 0 1 34 35 36 1475 0 54 53 52 23 0 6 5 4 3 1 0 0 0 0 12 0 0 3 0 0 0
1 6 1 10 0 1 0 23 0 1 1 1 5 4 1 1 0 322 333 336 342 344 26 0 6 3 1 0 2 2 0 1 0 0 1502 2 0 3 2 9 0 7 0 17 2 0 2 4 1 0 12 10 0 2 7 16 7 0 11 13 0 4 0 1 2 20 1 28 29 30 0 0 0 1436 249 0 1 0 0 20 1 0 1 0 0 0 1 1 1 13 1 1 4 1 1 1
2 7 2 11 1 2 0 24 1 2 2 2 6 285 295 298 300 0 8 0 3 0 374 383 0 4 0 3 587 592 597 0 0 1493 4 0 0 2 1 2 5 6 0 11 0 1 1 3 0 11 4 4 1 6 1 5 6 1 7 0 2 0 0 15 16 0 0 0 1 2 3 0 1182 2 0 192 0 0 0 0 9 6 0 0 0 3 0 2 2 14 2 2 5 2 2 2
1 5 17 12 2 3 1 230 239 248 262 268 272 3 2 0 2 3 7 1 0 0 0 29 560 569 575 583 0 0 3 603 605 884 1 2 0 1 0 1 4 2 2 8 1 0 0 2 1 8 3 3 0 5 0 4 5 0 6 1 0 6 9 0 0 6 0 0 0 4 5 1176 2 0 0 1 186 4 1 0 1 0 2 1 1 13 8 3 0 15 3 3 6 3 7 3
0 2 3 42 43 51 204 3 1 4 9 1 2 2 1 1 0 1 0 0 0 0 0 26 144 2 3 0 0 1 0 0 0 881 0 0 0 0 0 0 2 1 1 1 5 0 1 0 4 2 2 2 2 1 2 0 4 0 4 0 3 0 1 1 4 0 8 0 1 0 0 1164 0 0 0 0 2 176 139 138 137 101 100 99 97 1 0 54 52 47 25 0 1 11 14 27
0 0 2 3 0 144 4 2 0 3 8 0 1 1 0 0 0 12 0 19 21 23 25 142 0 1 1 0 0 0 1 0 875 2 0 0 0 0 0 0 0 0 0 0 3 0 0 1 1 1 1 1 1 0 1 1 1 1 1 1 0 0 0 0 0 0 23 0 27 0 0 1161 7 6 0 1 0 25 8 0 0 33 0 0 15 62 61 0 3 4 4 10 0 1 1 3
0 0 1 0 1 142 3 0 1 2 2 4 0 0 0 7 10 1 17 0 0 1 130 9 0 0 0 0 1 2 0 851 22 0 0 2 0 2 0 0 0 0 0 0 0 1 0 0 0 0 0 0 0 0 0 0 0 0 0 0 0 0 0 0 1 10 0 26 0 28 1149 2 0 0 3 0 7 16 0 5 1 0 30 0 11 2 3 0 2 3 3 3 5 0 0 2
4 0 0 0 0 139 1 0 0 1 1 2 0 0 5 1 0 0 0 0 0 0 127 0 8 6 4 0 0 0 844 2 0 20 14 1 0 4 0 1 1 1 2 1 0 0 0 0 0 0 0 1 2 1 0 0 0 0 0 0 0 2 4 5 6 0 0 0 0 1069 76 0 0 1 0 1 6 15 11 1 0 0 27 0 10 1 0 1 1 2 2 2 2 1 0 0
117 1 0 0 1 124 12 9 0 0 0 0 0 2 0 0 0 1 13 14 16 119 1 2 0 0 3 0 1 3 838 0 0 4 0 8 5 1 0 2 2 5 2 0 0 2 0 1 2 0 0 0 0 4 3 1 1 0 2 1 1 0 0 0 0 0 0 0 1033 4 2 74 0 0 0 1 1 2 3 6 0 10 10 4 4 4 0 0 0 1 1 1 1 0 0 1
3 112 0 0 1 121 0 0 7 5 2 0 0 0 0 0 8 10 0 0 1 100 1 0 1 0 1 0 2 3 832 186 0 1 0 0 0 5 8 6 0 6 4 0 1 4 0 5 0 1 1 1 0 0 5 6 9 1 3 2 0 4 0 3 0 0 1 1016 13 0 0 1 72 65 4 0 0 1 2 2 2 9 4 4 3 3 3 2 0 0 0 0 0 0 0 0
2 0 109 0 0 3 114 0 0 0 0 0 0 2 4 6 0 0 0 2 84 10 1 0 0 0 0 1 2 0 640 0 185 3 1 0 0 0 0 9 8 7 5 1 7 0 1 7 0 2 2 2 1 1 6 0 29 42 4 3 0 0 891 897 900 993 1004 8 5 11 5 0 5 4 54 3 1 0 1 1 1 8 3 1 1 2 2 0 0 0 0 0 0 0 2 1
1 2 107 0 0 0 112 0 0 0 0 0 0 0 0 0 0 0 2 3 80 3 3 0 0 0 1 2 0 634 0 3 180 0 0 0 0 0 0 2 34 35 46 55 8 3 8 0 0 4 0 3 9 9 0 28 0 0 48 4 0 884 2 0 0 90 7 0 0 4 4 4 4 3 52 0 0 0 0 0 0 7 2 0 0 0 0 0 0 0 2 0 2 1 0 6
0 1 101 0 0 3 2 103 0 2 0 0 1 0 1 3 5 7 0 69 5 0 1 2 0 0 1 0 621 0 6 2 2 175 170 3 0 1 0 3 7 1 0 3 77 14 0 1 1 5 0 1 13 14 26 0 0 2 837 844 877 0 0 1 0 81 6 6 0 3 3 3 3 2 47 3 2 1 0 0 5 0 0 0 0 0 0 0 1 0 1 3 1 5 0 0
8 9 97 0 0 0 1 4 95 64 0 4 0 0 1 2 3 4 65 1 3 0 0 0 0 0 0 612 0 0 5 1 0 0 3 165 3 0 0 1 6 0 1 2 4 94 0 2 0 9 16 0 0 0 0 0 2 784 0 0 24 4 0 0 80 2 2 2 1 2 2 2 2 1 1 44 1 0 0 1 0 0 0 0 1 1 1 1 2 1 0 6 0 8 1 0
0 1 83 2 0 0 0 2 29 0 57 2 0 0 1 2 3 4 46 0 1 0 0 0 2 0 12 608 0 0 2 1 0 1 0 2 157 1 0 0 5 0 1 0 2 0 99 3 0 3 0 18 0 2 745 748 754 0 24 0 22 0 1 78 0 1 1 1 0 1 1 1 1 0 0 41 5 4 2 1 0 0 4 5 9 2 0 4 3 2 0 108 109 122 125 141
1 2 79 0 0 0 1 0 27 0 47 0 0 0 1 2 3 43 0 0 0 0 1 3 8 9 0 3 589 0 0 0 0 0 0 0 152 1 0 0 4 0 0 1 0 1 0 104 0 0 0 0 21 740 0 0 2 0 22 0 21 0 0 75 1 0 0 0 0 0 0 0 0 0 1 31 2 1 0 0 0 1 0 1 2 16 17 24 29 33 92 5 0 1 13 0
5 6 75 2 0 0 2 5 26 0 45 0 0 0 1 2 3 38 0 0 3 4 5 0 0 0 1 0 586 6 5 1 0 0 4 5 151 1 0 0 2 1 2 7 8 11 15 20 126 0 0 2 712 4 3 0 1 1 21 2 16 7 0 74 1 0 4 3 2 1 0 0 0 0 1 28 3 2 0 0 1 2 3 4 5 0 0 48 52 57 2 4 0 9 12 0
5 6 56 0 0 0 1 0 19 0 38 2 0 0 3 5 10 1 19 0 0 0 1 24 33 35 36 37 577 1 0 2 0 1 0 0 1 140 1 0 0 0 1 1 1 2 1 1 0 129 0 0 703 1 3 1 0 0 18 1 1 5 6 0 69 29 1 0 1 0 0 0 7 8 13 4 2 0 0 0 0 0 0 0 0 35 43 2 2 3 1 0 0 6 1 0
1 2 55 1 0 0 1 2 17 2 0 33 0 1 0 1 1 0 18 0 4 9 15 1 3 0 0 1 536 3 2 1 0 0 0 1 7 137 1 0 0 0 0 0 1 0 0 0 1 2 133 134 699 4 0 2 0 16 0 0 0 4 5 35 0 1 21 15 2 1 0 0 3 1 1 1 1 0 0 1 0 2 0 18 26 2 3 1 1 2 0 0 2 2 0 0
0 1 49 0 0 0 0 5 7 1 0 29 0 0 0 0 0 12 4 2 3 2 1 0 2 0 2 3 529 2 1 0 0 0 2 4 0 126 2 1 0 0 0 0 0 1 4 6 7 24 25 26 558 0 3 0 1 4 10 0 0 2 4 32 1 0 1 2 9 4 0 0 0 0 0 0 0 0 1 2 3 6 14 2 3 1 2 0 0 0 0 0 0 0 0 1
6 7 15 29 2 0 0 2 6 0 1 24 1 0 0 2 4 5 3 1 2 1 0 0 1 0 0 1 521 3 2 1 0 0 0 0 4 120 0 2 1 3 0 0 0 1 0 0 15 0 0 0 529 4 3 1 0 3 1 6 0 0 3 25 5 0 0 1 3 0 0 0 0 0 0 0 0 1 2 0 0 0 2 1 2 0 0 0 0 0 0 0 0 0 0 1
1 4 1 24 0 0 0 0 5 0 0 8 14 0 0 0 2 1 2 0 1 0 0 1 2 0 1 2 514 2 1 0 0 0 1 2 0 83 30 25 24 18 1 0 0 0 0 1 12 0 0 519 0 3 0 2 0 2 0 2 2 2 0 11 11 4 0 0 1 0 0 2 1 1 1 1 0 3 5 0 0 0 0 0 0 0 0 0 1 1 1 1 1 1 0 0
1 0 0 12 8 1 0 0 3 0 2 3 10 1 0 0 0 0 0 0 0 0 1 2 3 0 178 181 507 8 7 4 1 0 0 0 0 81 2 0 4 10 0 0 3 5 7 8 0 0 513 0 1 0 1 0 0 0 0 1 1 1 0 9 9 0 2 0 0 0 1 2 5 0 5 2 1 14 1 0 0 1 0 0 0 0 0 2 2 0 4 1428 1436 1444 1450 1460
1 2 3 7 1 3 0 0 1 0 2 0 5 2 0 0 0 0 0 0 0 0 0 0 175 176 1 0 315 1 0 1 0 0 0 5 74 0 0 1 3 4 4 0 3 5 6 7 15 17 508 6 2 1 0 0 0 0 0 0 0 0 5 2 2 5 0 0 0 0 0 1 11 0 0 6 22 0 1 0 1 4 1 0 0 1 2 3 0 4 1419 0 4 4 3 7
0 1 4 1 0 0 0 0 0 0 0 1 2 0 0 0 1 3 6 1 1 1 1 164 1 0 0 0 311 9 0 0 0 0 2 15 1 48 0 0 2 3 3 2 0 1 3 6 0 0 482 8 2 1 0 0 1 2 1 0 0 0 3 1 1 2 0 0 0 1 3 0 12 0 1 32 0 0 0 0 0 8 2 1 1 2 6 0 5 1414 0 3 3 3 2 6
0 0 0 0 0 0 0 1 0 0 0 0 0 0 1 2 0 1 0 10 94 97 158 2 0 0 0 291 7 3 7 0 0 7 14 0 2 43 2 0 1 2 2 1 0 0 0 1 8 9 471 0 7 6 5 3 0 10 4 3 1 0 2 0 0 0 0 0 1 3 0 4 19 0 2 36 0 0 0 0 1 0 12 2 2 0 0 8 1400 0 0 2 2 2 1 2
2 0 0 0 1 1 1 3 0 1 0 0 0 0 1 4 3 0 3 80 0 57 1 1 0 0 17 288 1 0 2 4 5 4 0 1 24 10 3 0 0 1 1 0 0 1 2 3 7 0 459 0 42 41 40 38 32 31 12 2 1 0 0 0 0 0 0 0 1 0 5 15 38 39 40 81 0 1 1 1 2 1 13 0 6 0 2 1373 0 15 1 1 1 1 0 1
0 0 0 1 3 2 2 4 1 3 0 0 1 1 0 0 23 4 73 1 0 54 0 0 2 14 265 2 0 0 1 3 4 3 0 1 21 7 1 2 0 0 0 0 1 0 0 1 0 0 456 48 1 0 0 1 2 2 3 8 3 1 0 0 0 1 1 1 5 6 7 0 0 0 2 4 88 93 97 102 106 124 0 0 1 8 1367 0 0 11 0 0 0 0 0 0
2 0 0 1 2 7 3 7 0 5 0 0 3 7 11 16 0 65 1 0 0 51 0 1 0 9 0 263 1 0 0 2 3 2 0 16 3 2 3 0 0 0 0 0 1 4 1 2 3 120 405 7 2 1 0 0 1 1 2 0 2 0 0 0 1 3 6 2 0 0 0 0 1 0 0 0 1 0 0 0 0 0 127 0 3 1193 0 162 0 10 5 2 1 0 0 0
0 0 0 1 5 8 12 2 0 8 0 0 0 0 2 0 3 35 0 0 1 46 1 0 4 0 1 256 5 4 0 1 2 1 6 8 2 1 1 0 0 1 0 1 2 99 107 112 115 2 2 269 6 2 1 0 0 0 0 0 0 0 0 3 0 0 1 22 26 46 47 49 0 2 0 0 0 1 0 0 0 0 0 129 1186 0 0 160 0 3 0 1 0 0 1 1
0 1 1 0 8 0 26 0 0 9 0 0 0 1 0 1 0 0 32 0 44 0 0 0 2 0 9 243 1 0 2 0 1 0 5 7 1 0 0 0 2 0 4 5 95 1 2 0 1 1 1 267 0 2 1 0 0 0 0 0 0 0 0 2 8 11 12 2 14 1 0 2 56 57 63 1 0 1 2 1 1 1 2 1050 0 3 1 158 0 1 0 1 0 1 2 31
52 50 47 44 42 32 3 2 1 14 3 1 0 1 2 3 4 30 0 0 40 1 0 0 1 7 0 0 241 0 0 0 0 3 0 6 0 0 1 2 6 7 8 9 78 0 0 0 0 0 0 10 255 4 3 2 1 9 7 5 2 0 0 0 0 0 1 0 9 0 0 0 0 0 0 65 68 69 2 5 740 1028 1039 6 5 0 0 3 152 46 45 42 41 40 37 1
57 56 49 0 1 0 0 0 15 0 1 0 0 1 2 12 18 24 0 1 38 4 0 0 6 1 3 4 239 0 6 5 0 2 2 5 0 0 0 0 45 46 56 60 77 8 0 1 3 5 7 9 249 1 0 0 0 10 0 0 1 0 0 0 1 2 6 7 8 0 1 2 3 0 1 2 0 0 73 731 0 284 1 0 5 4 1 2 7 96 48 47 46 45 44 19
0 1 3 47 42 41 38 27 10 9 0 0 0 6 8 4 0 3 0 23 3 2 2 2 1 0 0 0 232 13 0 2 0 1 1 0 0 0 2 41 1 5 2 2 6 5 0 0 0 0 0 0 151 94 0 1 1 11 5 2 0 1 0 0 1 2 0 0 0 0 0 0 4 0 0 0 4 7 653 0 1 281 1 0 4 1 0 1 6 2 43 0 1 0 0 22
0 0 0 1 1 1 2 4 0 3 0 0 4 0 2 0 1 0 0 20 2 1 1 1 0 0 1 212 0 2 4 0 0 0 0 0 10 14 29 6 0 4 1 1 5 3 0 0 0 0 1 15 134 85 6 3 0 21 2 1 2 1 0 0 0 0 0 1 2 1 1 0 8 9 11 13 14 642 0 0 0 13 266 0 3 1 0 0 5 1 5 35 11 1 0 1
5 1 0 0 0 0 1 0 1 1 0 0 0 0 0 0 0 1 18 0 1 0 0 0 0 0 206 1 0 0 0 3 0 0 5 8 1 5 7 2 2 3 0 0 4 1 0 0 2 4 12 0 132 21 62 55 51 50 16 6 2 0 1 1 2 0 0 2 5 11 2 0 0 0 1 2 0 625 2 0 10 0 0 265 0 0 0 0 3 0 4 5 14 8 1 0
0 0 0 0 0 1 0 0 0 0 0 0 0 0 0 0 4 10 2 1 0 0 0 0 1 0 159 43 0 2 1 0 1 3 1 0 4 2 3 1 1 1 0 2 0 0 0 1 5 6 79 81 49 20 5 0 1 7 2 8 5 0 2 2 3 1 0 0 0 0 16 0 0 0 0 0 613 6 2 0 9 3 0 263 0 0 0 0 1 0 2 4 0 12 5 4
0 0 1 2 4 1 0 0 0 0 1 1 0 2 0 2 1 2 1 0 0 1 3 89 93 156 1 2 39 4 1 0 0 2 0 1 1 1 2 0 0 0 0 0 0 0 1 2 0 77 0 0 48 19 3 0 0 6 1 1 1 0 0 4 7 2 1 0 2 4 22 24 26 28 111 609 1 0 1 1 1 2 1 3 257 3 1 0 0 0 1 1 1 1 9 0
18 16 13 7 1 0 0 1 1 1 2 2 4 0 0 0 0 0 0 0 0 0 0 82 0 61 0 1 1 28 1 0 0 1 0 0 0 0 0 0 0 0 0 0 2 0 0 0 71 3 0 43 3 6 11 2 0 5 0 0 0 0 0 1 7 19 22 60 61 66 71 74 78 81 0 492 11 0 0 0 0 1 0 2 249 1 0 0 0 0 0 0 0 0 0 7
0 0 1 0 0 0 3 0 2 2 6 16 0 3 0 0 0 0 0 0 1 2 0 80 0 60 0 0 0 1 25 18 14 1 0 0 0 0 0 0 1 0 2 1 0 4 7 69 1 0 1 39 2 5 8 1 0 4 0 0 1 2 18 26 27 32 35 0 3 1 1 1 2 1 0 478 0 10 2 1 0 0 0 0 248 0 0 0 9 6 4 2 0 2 1 0
0 0 4 1 0 0 6 3 0 0 0 0 22 0 0 1 1 0 1 24 38 39 69 7 0 58 0 0 0 1 1 1 1 11 6 1 0 0 2 1 2 0 0 3 6 56 58 1 0 0 32 5 1 4 2 4 0 1 0 0 1 13 4 1 1 1 1 0 0 0 0 0 1 0 0 475 0 0 5 3 1 0 0 0 0 244 240 20 8 7 6 5 4 0 0 4
264 81 74 73 72 70 63 51 50 48 44 23 0 0 0 2 6 10 20 0 8 0 24 4 0 25 30 25 0 0 0 0 0 1 1 2 0 3 7 13 24 25 27 31 46 1 0 0 0 23 7 4 0 3 1 2 0 0 0 0 10 2 0 0 0 0 0 0 1 0 0 0 0 0 0 472 31 30 0 0 0 1 0 0 0 0 0 217 210 196 191 189 178 11 9 2
0 180 176 174 170 0 4 2 1 1 1 15 12 7 2 0 0 4 2 0 6 0 22 3 0 24 0 2 23 10 2 1 0 0 0 1 0 1 1 1 4 0 1 8 4 0 0 1 20 0 6 2 0 2 0 0 0 0 1 8 0 0 0 0 0 0 0 0 0 71 3 0 0 0 8 438 15 0 28 27 26 18 13 11 2 0 0 4 12 3 0 9 163 1 0 0
1 0 0 2 0 167 1 0 0 0 0 1 1 1 1 1 2 0 1 1 3 0 20 0 0 21 0 1 1 9 6 1 0 0 0 0 0 0 0 0 1 0 5 1 1 1 0 3 7 5 5 0 0 0 0 0 2 3 4 2 5 8 10 14 16 1 2 65 66 0 77 0 3 5 0 412 1 13 1 0 0 3 2 0 6 0 0 2 11 2 5 2 14 147 0 0
