BASIN_DATA/DATA/7339001/morph_soilgrids/facc.asc
ncols        384
nrows        512
xllcorner    -72.750000000000
yllcorner    -36.500000000000
cellsize     0.001953125000
NODATA_value -9999
[rows 71 to 141 of 512, columns 288 to 383 of 384]
11 12 14 15 0 0 6 1 0 0 1 3 42 0 0 0 2 7 5 0 0 2 28 0 1 2 3 7 8 73 1 0 0 2 5 8 54 13 12 11 0 1 0 3 0 0 5 0 2 3 4 19 20 30 32 34 50 0 2 122 1 0 0 12 3 2 1 0 0 0 0 1 2 0 2 5 6 8 9 11475 0 0 0 0 0 0 2 1 0 0 0 1 3 34 0 0
0 0 0 32 1 10 1 0 0 0 0 0 2 32 1 0 0 0 1 1 0 1 22 0 0 0 2 0 10 3 46 0 0 1 1 2 28 1 0 0 8 6 1 0 0 1 1 0 0 7 12 0 6 1 0 0 14 0 0 114 1 0 0 0 5 2 0 0 0 2 0 0 4 0 0 0 0 0 1 11479 0 6 3 1 0 4 0 0 0 1 0 0 0 0 26 0
0 0 1 2 56 6 5 3 0 2 0 0 0 3 24 1 0 0 0 0 0 1 1 15 0 0 0 8 0 1 44 0 0 0 1 0 0 22 1 0 0 0 0 0 0 0 0 2 5 1 1 0 4 0 0 1 13 0 2 101 10 5 2 0 0 0 0 0 2 7 1 0 5 0 0 0 0 1 2 11492 8 0 0 0 1 8 1 0 1 3 0 0 0 0 1 21
0 0 0 0 84 0 0 0 0 5 1 0 0 1 0 20 17 3 2 1 0 0 1 4 6 0 2 3 0 1 38 1 0 0 0 1 7 19 2 1 0 0 0 0 0 0 0 0 0 0 0 1 1 0 3 8 1 0 0 97 0 3 0 0 0 0 0 0 0 0 9 13 6 1 1 0 1 0 0 11587 92 91 0 1 2 10 0 4 0 4 1 2 0 0 0 17
0 2 0 88 0 25 1 0 0 6 0 1 0 0 0 0 4 6 1 0 0 0 1 1 5 0 1 0 0 0 35 1 0 0 2 4 2 2 1 0 0 1 1 2 0 1 0 0 0 0 0 0 0 1 2 0 0 0 1 91 2 1 2 0 0 3 1 1 1 0 0 0 22 0 5 1 0 2 1 11591 0 0 87 85 67 52 51 45 44 42 33 29 0 0 0 1
0 1 93 1 0 0 20 17 15 14 5 2 1 0 0 0 2 0 2 1 0 0 0 0 3 0 0 1 7 10 30 2 0 0 0 0 0 1 0 0 1 2 2 4 0 2 1 1 2 3 1 0 0 0 0 0 0 0 1 88 1 0 0 0 0 1 8 2 2 1 1 0 23 0 0 7 10 15 17 11612 1 0 0 0 14 5 4 0 0 0 2 3 19 0 0 0
0 3 104 5 1 0 0 0 0 0 0 0 0 0 1 0 0 0 0 0 0 0 0 0 2 0 1 4 1 0 18 0 0 0 0 0 0 0 0 3 2 3 3 6 0 0 5 5 5 0 0 0 0 0 0 0 3 0 1 83 1 0 0 0 0 0 0 10 6 0 2 2 25 0 1 0 0 0 0 11616 1 0 0 0 5 4 1 2 0 1 0 1 13 2 0 0
115 109 1 1 2 0 0 0 1 2 0 1 2 2 1 0 0 0 2 1 0 1 1 0 0 0 1 0 0 15 0 0 0 2 1 1 0 0 1 0 8 4 4 7 1 1 6 13 0 3 1 0 0 1 4 6 30 31 39 1 36 2 0 0 2 4 6 7 26 1 0 3 33 34 36 40 1 0 0 11619 0 0 1 8 7 0 0 0 0 0 0 0 1 9 4 1
2 0 0 0 0 0 0 2 2 3 1 16 9 4 1 1 0 1 5 0 3 2 0 1 0 0 2 5 13 0 0 0 1 1 5 2 1 1 0 2 9 5 98 84 81 79 68 66 4 0 4 2 0 0 0 1 18 3 2 0 30 1 0 0 0 0 0 0 32 68 71 73 82 83 86 87 129 2 1 11648 25 0 18 3 1 6 2 1 0 1 0 0 1 0 0 0
0 0 0 0 0 0 1 4 3 26 19 0 0 0 0 0 3 8 1 0 4 4 5 2 0 0 1 0 5 0 3 7 11 14 29 33 40 43 45 0 13 105 1 0 0 0 0 2 43 8 2 1 0 0 2 4 10 2 1 0 0 27 0 2 0 1 3 30 3 1 0 0 7 1 0 1 0 134 0 11652 0 23 1 2 0 0 2 1 0 2 0 0 0 0 0 0
0 0 1 2 0 0 0 12 29 28 0 0 0 0 0 1 5 11 0 1 24 13 5 2 0 0 0 2 1 0 1 1 0 4 0 2 0 0 0 46 15 110 1 0 0 0 0 0 1 30 24 0 0 0 0 1 7 1 0 0 8 17 0 2 6 10 22 1 2 0 0 3 2 0 0 1 4 0 11792 0 1 0 0 0 0 0 0 0 0 0 6 0 0 0 2 1
0 1 6 1 0 1 0 44 0 1 0 1 0 1 0 1 22 0 1 28 0 0 0 1 0 0 0 0 0 0 0 0 1 0 0 0 0 0 2 51 220 203 83 3 1 0 0 0 0 3 0 22 0 0 0 2 3 0 0 6 0 15 0 0 1 3 6 0 1 0 1 0 0 0 0 1 2 11803 0 1 0 0 0 0 0 1 2 0 1 8 0 0 1 1 37 31
0 1 13 0 1 2 46 1 0 5 2 0 1 2 0 1 23 0 40 7 4 2 1 0 0 0 2 3 0 1 0 0 0 0 0 0 0 2 3 274 0 7 0 78 23 10 8 6 1 1 0 16 2 0 0 0 2 0 3 0 0 14 0 0 2 2 1 0 0 0 0 0 0 0 2 3 0 11806 0 2 1 0 0 2 1 88 85 75 71 68 53 50 48 44 1 1
0 1 2 15 2 0 54 1 0 6 0 1 7 0 0 28 0 1 42 0 1 0 0 0 0 0 0 0 5 8 12 0 21 24 28 0 0 1 6 276 0 5 0 53 0 10 3 2 3 0 0 0 14 2 0 0 1 0 0 0 1 8 0 0 0 0 0 0 0 0 1 1 2 0 0 4 0 11812 4 0 0 0 0 99 92 0 1 3 1 4 0 0 0 0 0 0
0 1 2 22 3 56 29 28 26 25 14 10 0 0 0 30 0 46 1 0 0 1 0 1 1 1 1 0 0 1 2 18 0 0 4 30 0 0 287 1 0 2 0 51 0 1 3 1 1 2 0 0 7 1 0 0 0 0 0 1 7 0 0 0 0 0 0 0 1 2 2 2 6 8 10 0 6 11931 1 0 111 109 107 4 1 1 0 2 0 1 0 0 0 0 0 0
0 1 2 3 121 32 1 0 0 0 0 0 0 0 1 2 35 92 6 5 3 0 7 5 2 7 4 1 0 0 1 0 1 2 0 37 39 40 331 1 0 1 0 47 1 0 0 0 0 0 0 0 4 0 0 0 3 0 2 3 0 0 3 5 7 8 11 12 14 17 24 25 26 27 28 41 11961 2 115 114 1 0 0 0 0 0 0 0 0 0 0 8 5 3 1 12
0 0 0 1 122 0 4 3 2 1 0 0 0 0 0 1 2 94 0 0 0 0 8 0 8 0 0 0 0 0 1 2 9 11 12 13 0 0 349 16 11 10 0 46 6 5 4 3 2 1 0 0 3 0 0 0 4 0 0 0 0 0 1 2 0 0 0 0 0 34 38 40 41 42 43 12049 0 18 1 0 8 7 6 3 1 0 0 0 0 0 0 9 0 0 0 13
0 2 4 0 126 8 2 1 0 0 0 1 1 1 0 0 3 96 0 5 2 0 21 10 0 2 0 3 0 0 1 5 0 0 1 2 18 356 4 0 3 7 0 1 36 23 0 0 0 0 0 0 0 0 2 1 6 1 1 2 0 0 1 3 8 10 12 18 32 1 0 0 0 0 1 12053 0 0 17 0 10 0 0 0 0 0 0 1 2 931 929 925 910 902 899 889
0 0 0 6 137 0 0 0 0 0 2 2 2 2 1 1 142 40 38 29 28 26 2 1 0 0 8 1 0 0 1 0 0 0 0 1 381 4 1 2 2 2 3 0 10 0 21 14 5 3 1 0 0 0 0 4 14 15 20 4 0 0 0 0 0 1 2 11 0 0 0 1 3 0 0 12058 2 0 0 15 2 0 0 0 0 0 1 3 949 0 1 3 5 0 7 0
1 1 594 592 583 299 3 1 1 1 3 3 3 3 2 145 2 0 0 1 0 0 0 0 0 1 11 0 0 0 0 0 0 1 1 389 4 1 0 1 1 1 2 3 3 1 2 1 6 2 1 0 0 1 1 0 0 0 1 27 0 1 0 0 0 3 9 0 0 1 5 9 18 20 22 12084 1 0 1 0 0 0 0 2 981 979 976 954 0 12 2 0 2 4 2 6
603 600 1 0 137 6 294 206 205 202 199 192 183 176 171 18 0 0 0 2 1 0 0 0 2 14 0 1 1 1 1 0 2 401 398 1 0 2 0 0 0 0 1 2 2 0 1 0 0 1 0 0 0 1 2 4 0 0 0 30 3 0 1 0 1 0 1 1 0 2 2 0 2 0 0 12087 0 2 0 0 0 0 991 985 0 0 14 0 1 8 1 1 1 0 1 3
2 1 0 0 136 5 0 85 4 3 0 1 3 1 0 1 13 11 5 1 0 0 0 1 6 15 3 0 0 2 4 1 406 0 1 1 0 0 0 0 0 0 0 0 0 0 0 0 0 0 0 0 1 3 6 15 1 1 1 35 0 1 2 1 0 0 0 0 0 0 0 0 1 0 0 12088 1035 1034 1029 1025 1020 1017 18 13 1 0 1 11 0 2 2 0 0 0 0 0
2 1 0 0 134 3 0 78 0 1 0 0 1 0 0 0 0 0 2 1 0 2 0 0 7 0 21 0 7 0 422 414 5 3 0 0 0 0 0 2 0 0 0 0 0 0 0 0 2 1 0 2 0 1 2 5 26 27 31 71 73 2 3 2 2 0 0 0 0 0 0 0 0 0 3 13128 0 0 1 2 0 4 2 0 12 0 0 0 9 0 0 1 0 0 0 0
27 0 0 132 0 1 0 0 76 55 6 0 0 0 0 0 0 0 0 5 4 0 0 3 8 0 0 23 458 425 1 0 0 0 1 0 0 1 2 4 0 1 0 1 3 0 0 1 4 3 0 3 0 0 1 0 0 0 0 0 2 80 4 3 4 0 1 1 0 2 1 0 1 3 13178 0 1 0 0 0 0 2 0 1 1 8 6 2 0 8 6 4 3 1 0 15
23 1 0 1 129 0 2 18 0 45 1 4 0 0 3 1 2 1 6 0 0 0 0 0 14 15 1 0 474 13 10 5 4 3 1 0 0 1 7 5 1 2 1 2 5 0 0 1 9 5 0 5 0 0 0 0 1 0 1 0 0 1 89 4 5 1 2 2 0 1 5 0 1 13186 0 43 37 0 0 0 0 1 0 0 0 0 1 0 0 0 0 0 0 1 16 0
1 20 0 0 128 1 1 11 0 44 0 0 1 0 1 10 5 7 4 3 0 1 1 0 0 0 17 20 497 0 1 3 1 0 0 0 0 0 0 15 2 3 2 0 10 0 0 1 0 16 1 6 1 0 2 0 3 0 2 5 0 0 0 92 104 2 3 3 1 0 2 7 0 13189 0 4 0 35 34 30 19 18 13 0 0 1 0 0 0 0 0 2 0 24 4 2
0 17 0 0 126 0 0 1 8 43 1 0 0 0 1 0 18 14 0 0 0 0 2 3 1 0 0 0 500 0 0 0 0 0 0 1 1 0 2 4 26 31 36 1 11 2 0 0 2 20 7 0 2 1 3 0 4 0 0 1 9 0 0 0 1 108 4 4 2 0 4 8 0 13192 0 0 2 0 1 6 0 1 1 11 6 1 0 0 1 2 3 0 1 25 0 0
10 4 0 0 124 0 0 0 7 38 1 0 0 0 0 0 0 34 2 0 0 2 3 0 7 9 11 0 505 2 0 0 0 1 1 5 0 0 0 0 0 0 0 38 53 4 0 0 1 33 0 0 5 6 0 7 0 0 1 2 3 15 0 0 0 2 109 120 3 1 5 0 9 13197 3 1 0 0 0 2 2 0 0 0 1 1 0 3 3 0 0 5 30 1 1 72
1 2 0 0 121 0 0 1 5 1 35 0 0 2 4 6 2 39 0 0 0 8 0 0 0 0 0 13 521 0 3 1 0 2 9 0 0 0 1 2 4 5 8 9 10 80 83 88 91 126 0 0 6 19 10 1 0 0 0 0 0 1 17 0 2 3 0 0 127 130 137 0 13221 11 9 7 1 0 0 0 0 1 0 0 0 0 0 8 0 1 0 38 77 76 73 3
0 1 0 113 5 0 0 1 0 0 32 0 0 2 6 8 17 61 1 0 0 10 0 1 2 1 0 0 547 23 18 17 16 11 0 0 1 1 0 0 0 0 0 0 7 1 0 2 1 3 134 137 29 1 0 0 0 0 2 5 0 0 21 1 3 0 5 0 0 0 0 13365 3 1 0 0 4 2 0 0 0 0 0 2 0 0 0 1 10 2 40 103 21 20 19 11
0 1 3 111 2 0 0 1 19 21 9 0 0 2 0 0 0 4 70 0 1 11 0 3 391 395 397 0 552 2 1 0 0 0 0 1 2 2 2 0 1 0 0 3 1 0 1 0 0 0 0 0 169 0 1 0 1 0 0 0 7 9 10 29 0 0 8 1 0 0 13389 20 0 0 0 1 0 0 0 1 0 2 0 8 1 0 0 1 168 154 107 0 2 0 0 1
0 0 0 106 0 0 0 15 0 0 6 0 0 0 0 1 2 0 1 74 77 90 92 382 0 0 0 399 953 0 1 0 0 5 0 2 6 20 6 4 1 0 0 0 0 0 0 1 2 3 4 0 0 172 4 0 2 1 0 2 3 4 16 31 0 0 9 2 0 13397 4 2 18 5 4 1 0 0 2 2 5 0 0 11 0 1 0 174 0 0 0 1 0 0 1 0
3 5 6 104 1 0 2 13 2 1 5 1 0 0 1 2 3 4 5 19 21 24 25 288 0 0 2 6 8 958 0 0 0 6 0 0 0 22 0 1 0 0 0 0 0 0 0 0 0 0 5 0 0 174 5 0 5 0 0 0 0 1 19 32 0 0 11 13419 13415 11 5 0 1 11 7 2 0 0 3 3 6 0 0 13 0 2 0 180 4 3 2 1 0 0 2 0
0 0 1 92 0 0 2 3 1 0 0 0 0 0 1 3 5 7 12 0 1 0 254 5 0 0 2 0 1 974 1 0 0 9 0 1 45 3 2 0 0 3 0 0 1 1 1 16 21 23 32 34 0 0 181 7 0 1 0 1 1 0 0 54 0 2 13435 0 3 1 2 4 0 2 2 0 0 0 11 0 0 9 14 0 0 0 185 1 0 0 0 0 0 1 3 1
0 0 1 88 0 1 1 0 0 0 0 0 2 0 0 0 0 2 0 0 0 250 1 2 0 1 0 0 0 0 1044 1048 1050 11 0 49 0 16 15 12 9 7 0 0 3 7 12 1 0 0 0 6 46 230 0 0 9 2 0 1 6 1 0 0 56 13441 0 1 2 0 1 1 1 1 0 0 0 0 12 0 0 27 1 0 1 0 191 0 0 0 2 0 2 418 415 408
76 79 82 3 0 0 0 0 0 0 3 0 5 1 0 0 0 0 0 0 1 248 2 0 1 0 0 2 0 63 4 1 0 1054 1119 0 1 0 0 0 0 0 0 0 0 0 0 0 0 1 4 1 0 1 235 1 10 3 0 2 10 13 0 2 13501 0 0 0 0 0 0 0 0 0 0 0 0 3 15 0 0 0 32 0 2 0 192 0 1 1 0 4 425 0 1 1
0 1 1 1 0 1 3 5 10 12 13 18 19 26 30 1 0 0 0 2 235 2 3 1 0 0 1 2 61 2 0 0 1 0 1127 3 0 0 0 0 0 0 0 0 0 0 0 0 0 0 0 0 0 0 0 237 251 4 0 1 4 5 21 13508 0 0 1 0 0 0 0 0 1 0 2 1 0 21 0 0 1 0 33 1 0 3 198 448 446 442 438 430 1 1 0 0
0 0 0 0 0 0 0 0 0 0 0 0 0 0 0 33 202 205 207 230 0 1 1 0 0 0 1 2 51 0 0 0 0 0 0 1131 2 0 1 1 1 1 1 2 0 0 2 5 1 0 0 0 0 0 0 0 0 258 0 0 0 0 13533 0 1 0 4 1 0 2 0 0 2 0 0 5 1 25 1 0 1 2 35 3 0 0 650 0 0 0 0 0 0 0 0 0
1 0 0 0 0 0 0 0 0 0 0 1 99 102 109 200 0 0 0 13 7 0 0 0 0 0 1 48 0 0 1 2 3 55 57 1191 0 0 2 2 2 4 3 1 0 0 0 0 7 3 1 1 0 1 6 0 0 0 261 0 1 2 13540 2 1 0 5 0 1 3 1 1 3 1 7 32 31 1 0 0 0 3 49 1 0 0 653 0 0 0 0 0 0 1 1 1
5 9 1 1 50 56 59 62 78 80 90 94 0 0 3 0 53 0 0 11 5 0 0 1 4 5 6 38 0 0 0 1 49 0 0 31 1226 0 0 6 3 5 4 3 0 0 2 0 0 8 6 2 0 1342 1346 1356 0 0 0 262 0 0 13544 2 1 0 0 7 2 4 2 2 4 2 42 0 0 0 0 1 0 0 50 2 0 0 657 1 0 1 2 0 4 0 21 15
0 1 42 48 1 1 0 0 13 5 1 2 0 2 0 25 25 0 0 10 4 0 0 1 0 0 33 1 0 0 1 45 0 0 28 0 5 1235 1238 1249 1258 1267 1279 1288 1291 1295 1301 1307 1312 1323 1332 1337 1339 1 0 29 1388 1398 1401 1668 1671 1674 13651 105 1 0 0 1 89 77 66 59 52 51 1 0 2 0 0 2 0 3 54 0 0 0 710 50 48 47 44 6 0 22 0 0
23 25 1 2 0 0 0 1 10 4 0 1 0 0 1 21 2 20 0 8 1 0 0 1 24 25 5 0 0 0 41 0 0 1 26 1 2 1 0 2 3 1 5 3 0 1 1 3 2 0 0 0 0 0 27 0 0 7 0 2 0 0 15328 0 102 100 99 97 4 3 4 1 0 1 0 3 0 0 4 0 0 0 63 1 0 0 713 0 0 0 0 32 29 4 1 0
0 0 0 0 0 0 1 8 0 2 0 0 0 0 16 3 1 17 0 6 0 0 0 1 16 3 0 0 1 38 0 0 1 20 2 0 1 0 0 0 2 0 4 1 0 0 0 2 1 0 2 5 9 13 4 7 0 6 0 0 1 4 15335 0 0 3 2 1 0 2 0 0 0 0 0 0 6 0 5 1 0 1 64 1 0 0 725 10 4 3 0 0 0 0 0 1
0 0 0 0 0 0 1 2 0 1 0 0 1 13 0 2 0 16 0 2 2 0 4 13 1 2 0 1 31 1 0 0 13 3 0 0 0 0 0 0 0 0 3 0 0 0 0 0 0 0 0 0 2 2 3 0 4 3 1 0 1 1 15339 0 13 8 3 2 0 0 0 0 0 0 0 3 0 1196 1187 1140 1134 1131 1126 1053 1049 1046 3 0 3 2 0 0 0 0 0 3
3 2 2 0 2 0 0 0 0 0 0 2 5 1 1 1 8 4 0 1 1 2 0 7 0 1 0 1 28 0 0 6 4 1 0 0 1 2 5 0 0 0 0 0 1 1 0 0 0 0 0 0 0 1 0 1 3 2 0 0 0 0 15356 14 0 0 3 1 0 0 0 0 2 0 1 0 1208 0 39 2 0 1 6 0 0 314 0 0 0 0 3 1 0 1 1 8
0 4 6 4 1 0 0 0 0 0 0 0 0 0 0 0 7 0 2 0 0 1 1 2 0 0 0 1 22 0 2 1 3 0 0 1 0 0 0 8 0 0 0 1 0 4 2 0 1 0 1 3 0 0 0 0 1 1 0 0 0 0 15359 0 4 1 0 0 0 0 2 0 4 0 1 1217 0 4 1 38 1 0 0 5 0 0 311 2 0 4 0 0 249 2 10 0
0 1 12 7 0 1 1 1 1 3 0 0 0 0 0 0 3 1 0 0 0 0 0 0 0 0 1 14 5 0 1 0 2 0 1 0 2 2 167 169 181 183 185 2 6 0 0 7 1 0 0 0 6 0 0 0 0 0 0 2 0 1 15376 13 5 4 2 0 0 0 1 3 6 0 1264 41 3 0 1 0 37 2 0 2 1 0 1 304 302 286 252 251 0 241 0 50
3 5 32 2 1 25 22 19 14 13 8 6 5 3 0 0 0 0 0 0 0 1 0 1 3 4 10 0 3 0 0 0 1 0 1 4 9 161 0 0 0 0 1 188 199 2 0 0 11 15 1 0 1 12 0 2 0 0 1 3 7 9 15388 0 1 0 0 0 0 2 6 4 0 1278 0 0 40 1 0 0 0 32 0 0 0 0 0 0 14 0 25 1 0 0 227 61
0 1 33 0 26 0 0 1 0 0 0 0 0 0 0 0 0 0 0 1 0 2 0 0 1 2 4 0 2 0 0 0 0 0 0 1 5 150 1 0 3 4 5 6 0 203 0 0 0 17 0 0 0 15 0 3 0 0 0 1 2 3 15397 3 2 0 0 0 0 0 7 0 1303 4 3 2 0 39 4 2 0 1 29 22 20 4 2 0 13 1 11 10 0 0 113 81
0 0 36 40 38 9 4 1 0 2 0 1 1 2 1 1 0 0 1 3 0 4 1 0 0 0 0 0 0 0 0 1 2 0 1 2 140 0 0 0 0 0 1 2 87 90 205 1 0 0 19 1 0 16 0 5 0 0 1 0 0 0 15400 1 0 0 1 0 2 1352 1350 1340 0 12 3 0 0 3 29 0 0 0 5 0 14 0 1 1 9 0 8 1 6 9 14 4
1 82 80 0 0 0 0 0 0 0 3 3 2 3 4 0 1 1 0 6 8 5 2 1 1 1 0 1 3 6 1 0 5 0 1 137 0 0 0 0 0 0 1 76 0 0 92 301 1 1 0 22 1 17 1 8 0 0 1 5 0 2 15402 0 0 0 0 4 1372 0 0 0 32 0 10 1 0 1 0 28 18 1 0 3 6 6 0 0 8 4 2 0 5 8 0 12
86 0 0 0 0 0 0 0 2 1 4 4 3 4 6 0 2 3 0 0 0 18 22 4 0 2 0 0 0 0 7 3 117 129 131 1 0 0 1 3 66 69 71 1 0 2 4 8 314 317 321 345 0 22 0 9 0 1 0 0 457 15407 0 0 1 0 2 1382 0 14 0 1 0 31 2 9 8 1 0 8 14 0 0 2 1 3 5 3 3 3 1 0 3 7 7 3
0 0 1 0 0 2 1 1 3 2 5 9 0 12 0 1 3 8 2 0 0 0 0 32 34 38 1 0 1 63 73 106 7 1 0 0 0 0 1 58 0 1 0 0 0 0 2 2 0 3 9 11 358 387 389 390 402 405 442 447 0 15868 4 2 0 0 0 1385 0 1 10 3 0 27 0 1 4 0 0 0 6 13 0 1 0 2 4 2 2 2 0 2 1 4 6 2
0 0 4 1 0 1 5 2 71 66 60 53 41 38 23 20 11 1 0 0 0 0 2 0 5 6 51 56 58 0 0 30 5 0 0 0 1 3 43 10 0 0 0 0 0 1 0 0 1 2 1 0 2 0 26 29 32 35 1 0 0 0 15875 0 0 3 0 1392 0 0 1 1 1 2 22 0 0 3 2 1 5 0 10 1 0 1 3 1 1 1 1 0 3 2 2 1
0 0 1 9 1 2 0 82 0 1 0 0 0 0 0 0 0 0 0 3 0 0 0 0 2 1 0 2 0 0 28 0 3 0 0 3 5 36 1 0 8 0 1 3 5 0 0 0 0 0 0 0 0 8 16 1 1 1 0 1 4 5 15883 0 0 0 1401 1 4 0 0 0 0 1 1 18 15 12 4 1 0 4 2 4 0 0 2 0 0 0 0 0 1 1 1 0
0 1 5 6 23 32 34 83 0 0 0 0 0 0 0 0 0 1 5 0 1 0 0 0 0 0 0 0 0 1 24 0 1 0 1 0 0 29 0 0 6 0 1 2 3 10 13 0 0 0 1 2 7 2 12 0 0 0 0 0 0 0 15885 1457 1456 1452 2 0 0 2 1 0 0 0 0 1 1 5 0 1 0 1 1 1 3 0 0 0 0 0 0 0 0 0 0 0
0 2 0 5 1 0 0 120 1 2 1 1 0 1 1 1 1 8 1 0 2 3 0 0 0 0 0 0 1 3 17 0 0 0 0 0 16 10 0 0 5 0 1 2 3 4 5 21 0 1 0 0 2 1 10 0 0 0 0 1 3 5 17351 0 1 2 42 1 0 0 3 2 0 0 0 0 0 0 3 0 0 0 0 0 0 0 0 0 1 0 3 1 0 0 0 0
0 0 0 2 0 0 1 126 0 3 7 4 1 2 234 231 227 150 0 1 7 0 0 1 1 1 2 0 0 1 13 0 0 2 4 14 1 5 0 0 3 0 2 3 4 5 6 22 0 3 1 0 0 0 0 8 0 1 0 0 0 0 17355 1 0 1 0 40 35 27 21 20 19 18 1 0 0 2 1 0 0 0 0 0 0 0 1 0 3 0 0 6 1 1 1 1
1 0 0 0 0 1 2 127 0 302 288 248 247 242 5 0 1 71 137 135 129 2 0 5 0 6 0 0 0 0 5 6 0 0 1 5 0 2 1 0 0 0 0 1 2 3 4 12 37 4 2 0 0 0 1 1 1 0 5 0 0 1 17359 0 0 0 0 1 0 5 0 2 0 13 10 8 5 1 1 1 1 1 0 1 1 1 0 3 4 1 0 1 9 2 2 2
3 0 0 0 0 0 0 442 310 0 0 38 0 0 1 2 0 70 0 0 1 117 113 0 0 7 1 1 0 1 1 3 1 0 2 1 0 0 0 0 0 0 0 0 1 2 63 65 66 110 5 0 4 0 0 0 0 0 7 0 0 1 17363 0 0 0 0 0 0 0 4 0 0 1 0 0 0 0 0 0 4 2 1 2 2 0 3 0 9 2 0 1 2 10 3 6
6 1 1 1 0 1 448 2 0 4 0 18 18 0 0 1 0 66 1 0 0 2 1 102 0 10 2 0 0 0 0 2 0 0 0 0 0 0 0 0 2 0 56 57 58 59 0 0 1 113 0 13 0 0 0 0 0 0 8 0 1 2 3 17371 1 0 0 0 5 0 0 0 0 0 0 0 0 0 0 0 6 3 2 3 3 1 4 0 11 3 0 1 5 11 4 0
0 0 2 2 0 457 4 1 0 1 0 17 16 0 0 0 1 0 62 0 0 1 0 17 81 79 53 2 0 0 0 0 0 0 0 0 1 0 3 5 50 52 0 4 6 7 0 1 0 114 0 15 0 0 0 1 2 0 1 10 0 0 0 1 17376 0 1 0 6 1 0 1 1 1 1 3 1 1 0 1 8 4 3 4 4 2 5 1 12 4 0 1 20 0 0 6
661 580 577 572 564 4 1 1 0 0 0 14 1 14 1 0 0 0 60 3 1 0 0 16 0 13 0 44 11 1 0 0 0 0 2 6 8 13 14 38 1 0 2 0 1 3 12 0 118 0 0 0 16 2 1 2 3 0 3 0 12 728 730 732 734 18113 18117 18127 0 6 2 0 2 0 17 7 5 1 0 0 12 5 4 10 3 0 0 6 15 5 1 2 24 0 3 623
78 0 0 3 99 0 0 0 0 0 1 10 0 0 9 0 0 1 0 51 0 0 0 12 0 12 0 0 29 7 6 4 2 0 0 0 0 0 0 21 0 0 0 0 0 0 1 15 136 0 2 5 23 3 2 0 7 0 1 5 713 0 0 0 0 0 0 38 18175 0 2 0 24 20 0 0 0 0 1 2 22 0 25 18 6 1 0 2 26 0 9 0 26 0 630 0
77 0 0 2 98 0 0 0 0 0 1 9 5 1 7 0 0 1 17 49 1 0 0 11 0 11 0 0 7 20 12 8 0 0 0 2 5 8 9 20 2 2 3 10 11 13 14 15 23 137 0 168 169 643 656 661 672 676 690 695 0 9 1 3 4 23 36 0 7 18188 0 25 0 0 0 0 0 0 0 0 23 0 26 0 0 0 0 0 27 0 10 0 27 0 632 0
65 1 0 0 96 0 4 1 0 0 0 0 2 0 2 2 0 13 0 28 1 0 0 2 4 9 0 0 4 6 0 1 6 0 0 0 0 1 2 3 1 1 3 1 0 0 1 6 0 26 166 0 2 441 8 2 1 1 10 0 1 8 0 0 1 15 11 0 5 19 18237 1 0 2 1 0 1 1 1 25 0 1 27 0 3 0 1 0 29 1 11 1 0 686 23 17
62 19 17 0 0 93 41 39 0 2 1 0 0 0 1 1 0 11 0 1 22 0 0 0 3 3 3 0 2 4 0 0 0 2 0 0 0 0 0 2 0 0 2 0 0 1 2 0 0 0 0 0 438 1 7 1 0 0 1 7 0 6 0 0 12 1 10 4 0 17 15 18257 18261 18269 0 0 3 4 0 30 3 0 28 1 4 1 3 0 30 0 14 0 693 2 0 4
26 0 0 15 0 45 0 0 36 33 0 0 0 0 0 0 0 3 4 0 10 9 0 0 1 2 1 0 1 0 2 1 0 0 0 1 0 0 0 0 0 0 0 0 3 4 5 6 7 0 1 437 0 2 1 1 0 0 5 0 4 0 7 11 0 9 1 1 16 0 13 2 1 0 18278 4 0 38 31 0 0 1 29 0 7 2 5 0 31 0 1 727 16 8 0 6
21 3 1 14 1 38 1 0 1 1 24 3 1 1 0 0 0 1 3 0 8 1 5 0 0 0 0 0 0 0 0 0 0 0 0 5 0 1 1 0 0 0 0 0 0 1 3 4 5 14 19 433 0 0 0 0 0 2 1 2 0 6 0 1 8 0 0 15 3 12 0 0 0 0 0 18325 44 4 3 0 1 0 32 1 8 9 0 0 33 738 736 4 1 6 7 2
19 0 0 13 0 2 34 0 0 0 1 16 11 8 6 2 0 0 2 0 6 0 2 0 0 0 0 0 0 0 2 1 1 1 0 0 8 2 9 6 3 2 0 0 0 0 0 1 2 3 0 402 7 6 2 1 0 1 0 1 1 3 0 3 3 5 14 2 6 0 0 1 2 0 0 18329 1 0 0 0 4 0 37 0 0 19 0 2 777 0 0 0 0 0 5 1
10 0 0 12 1 0 32 0 0 0 0 0 2 0 0 0 0 0 0 1 1 1 1 0 2 4 1 0 1 2 0 5 2 2 1 0 0 24 1 0 0 0 0 2 0 0 0 0 1 2 401 0 1 0 2 1 0 0 0 0 0 2 2 2 4 6 0 1 5 0 2 5 22 23 1 18333 0 0 0 0 0 6 38 0 0 1 21 783 0 2 0 0 0 0 1 0
