BASIN_DATA/DATA/7339001/morph_soilgrids/facc.asc
ncols        384
nrows        512
xllcorner    -72.750000000000
yllcorner    -36.500000000000
cellsize     0.001953125000
NODATA_value -9999
[rows 355 to 425 of 512, columns 192 to 287 of 384]
0 0 0 0 10 0 152 0 0 0 0 0 0 0 0 0 0 0 0 0 2 2 3 12 0 20 0 0 0 0 7 3 2 0 1 0 0 0 0 0 1 2 0 0 0 0 0 0 3 2 4 4 0 0 0 0 0 0 1 1 1 0 0 0 1 55 57 1 0 1 79 0 0 0 0 116 290 0 10 1 0 0 1 1 2 2 1 8 1 1 4 1 13 3 141 137
1 0 0 5 2 0 151 0 112 110 3 0 0 0 0 0 0 0 0 0 0 1 2 7 2 11 6 1 0 0 4 1 0 2 0 0 1 2 1 0 0 0 0 0 0 0 0 0 1 1 1 1 2 1 2 5 0 0 0 0 0 0 0 1 34 0 0 0 0 3 87 0 0 0 1 115 289 0 7 2 1 0 0 0 1 1 0 7 0 0 3 0 12 2 2 12
3 1 1 1 1 1 1 146 0 29 74 0 63 1 18 13 12 8 2 1 0 0 1 6 1 8 1 3 1 1 0 0 0 3 0 1 3 3 2 1 1 1 1 0 2 1 7 5 0 0 0 0 0 0 1 2 13 15 19 20 21 23 24 30 0 0 0 0 0 0 0 89 1 0 105 6 1 285 3 2 1 0 1 0 0 0 0 3 1 1 0 0 10 1 1 11
0 0 0 0 0 0 0 0 29 27 0 73 0 61 0 1 0 0 3 2 1 0 0 5 0 7 0 0 0 0 0 1 3 9 11 12 19 27 0 1 6 2 5 1 18 12 1 0 4 3 2 1 0 0 0 1 2 0 0 0 1 2 3 0 0 1 4 6 0 1 2 3 96 104 0 4 0 284 8 7 6 5 2 1 0 0 1 0 0 0 0 1 7 0 0 10
19 12 1 0 1 3 4 6 28 26 0 7 0 38 35 30 9 7 5 3 1 0 0 4 1 6 3 2 0 0 0 0 0 0 0 0 0 28 0 0 7 0 6 0 19 2 1 0 0 0 0 0 0 0 0 0 0 0 0 0 1 2 3 0 0 0 0 7 0 0 0 0 2 2 0 3 0 274 6 5 4 3 2 1 0 0 0 0 0 0 1 3 6 1 4 9
13 5 9 0 0 0 0 0 20 0 24 1 2 1 3 3 15 0 0 0 0 0 0 0 0 0 0 0 0 0 1 1 1 1 4 1 1 29 1 0 9 1 7 21 3 1 0 0 1 1 1 1 1 1 1 1 1 3 0 0 0 0 0 4 2 0 2 8 1 1 3 0 1 1 0 0 3 12 248 4 3 2 1 0 0 0 3 1 0 0 0 0 0 0 1 1
7 3 0 7 0 0 1 2 18 5 17 0 1 0 2 2 2 11 6 5 3 1 0 0 0 0 0 0 0 1 1 2 2 2 0 5 2 35 2 0 11 2 30 0 8 1 0 1 4 0 2 2 2 0 4 4 0 5 0 0 2 1 0 6 0 4 3 9 2 6 0 0 0 0 1 0 1 7 3 242 0 0 0 0 1 1 6 1 0 1 0 0 0 0 0 0
3 2 2 4 0 0 1 2 11 4 10 5 0 0 1 1 1 1 1 0 0 0 0 2 1 2 0 1 1 0 2 5 0 6 1 6 0 0 39 1 12 54 19 18 1 0 0 2 5 1 3 3 3 1 5 6 0 6 0 0 4 2 0 8 1 5 220 214 199 11 2 0 4 3 0 0 0 6 0 1 240 0 1 1 2 2 9 0 1 3 1 0 1 1 0 0
2 1 1 2 0 0 2 6 3 3 3 5 3 1 0 0 0 0 0 0 0 1 2 5 0 3 1 2 2 1 0 9 1 7 2 7 1 1 119 75 60 59 0 0 4 3 0 0 10 0 6 4 4 2 0 13 1 7 1 1 0 8 0 10 240 231 8 0 0 186 172 171 159 158 9 8 6 3 5 0 16 220 218 208 205 195 5 4 0 6 0 1 2 3 0 1
1 0 0 0 0 0 0 1 2 2 2 2 1 0 0 0 0 0 0 0 1 3 5 6 1 4 2 3 3 2 1 0 10 10 3 0 138 125 0 0 0 0 1 0 0 0 0 1 2 14 23 5 8 0 0 15 2 8 2 2 1 9 257 243 1 0 0 7 0 10 1 0 4 138 8 6 0 1 2 4 15 0 1 4 5 4 170 139 137 136 90 86 80 2 0 12
0 0 0 0 0 0 0 0 1 1 1 1 0 0 0 0 2 0 2 1 0 1 6 13 2 5 3 4 0 7 2 0 12 0 15 143 2 0 3 0 0 0 0 0 1 0 0 0 0 1 3 29 16 0 0 17 3 9 292 288 284 281 10 0 0 1 0 2 2 4 4 0 3 133 3 0 5 0 1 3 4 9 0 3 4 3 2 26 0 36 0 1 2 69 15 1
0 0 1 2 1 4 1 0 0 0 0 0 0 0 1 2 3 1 3 2 0 0 0 7 17 6 4 0 6 8 3 1 13 0 161 1 0 0 0 0 1 2 1 0 0 4 0 1 0 0 0 0 31 18 0 331 307 306 2 1 0 0 0 9 5 2 0 1 1 0 2 3 2 131 0 2 0 4 0 2 3 6 1 2 3 2 1 2 22 35 0 0 1 0 51 21
1 1 2 3 7 2 1 0 0 0 0 0 0 2 4 2 7 2 4 3 0 2 1 0 26 0 8 15 16 16 0 6 7 23 166 1 0 0 0 0 2 5 0 1 0 12 4 0 0 1 0 0 0 32 629 276 0 0 2 1 0 0 1 0 1 0 0 0 0 0 1 2 1 126 3 0 0 1 1 1 2 5 0 1 2 1 0 1 21 33 1 0 0 0 28 1
4 0 3 12 8 4 3 2 0 2 0 0 1 0 0 9 8 3 5 4 1 3 3 27 0 0 0 0 0 35 1 0 0 1 192 0 0 1 1 0 4 6 20 18 15 0 0 0 0 1 2 2 0 668 3 0 274 273 260 258 257 251 247 3 2 1 0 0 0 0 0 0 0 3 121 1 0 0 0 0 1 2 1 0 1 0 0 0 19 28 1 0 0 1 16 7
12 0 17 10 0 0 0 0 0 3 1 1 0 2 4 6 27 32 6 5 2 4 32 1 0 0 1 3 1 38 2 0 0 1 197 1 0 2 0 3 5 28 0 0 0 0 0 0 1 3 3 0 680 6 4 1 0 4 2 0 1 1 0 242 238 230 0 1 1 5 3 2 0 2 117 2 1 0 0 0 0 0 0 0 0 0 1 2 15 4 22 0 0 0 2 9
14 18 12 0 1 0 1 1 1 4 2 2 0 1 0 0 0 1 44 6 0 41 2 1 0 0 1 0 4 49 0 0 0 0 198 2 1 3 1 4 46 39 6 4 1 0 0 1 3 4 0 690 3 0 0 3 0 2 0 1 0 0 0 1 0 6 228 226 6 0 0 0 0 1 0 115 0 0 2 0 0 1 0 0 0 0 2 8 5 3 5 14 4 0 0 7
34 13 0 2 0 0 3 2 2 5 3 4 0 0 2 0 0 1 0 54 0 0 47 0 1 1 2 0 1 50 0 2 1 1 0 202 2 4 2 53 0 1 0 0 0 0 1 3 4 0 702 4 0 1 0 0 0 0 0 1 0 0 1 0 0 0 4 0 214 5 3 1 0 0 0 0 112 90 88 83 3 0 4 3 1 0 0 3 4 2 4 7 0 2 2 1
54 14 1 3 1 1 4 6 0 10 0 6 0 0 5 0 1 0 1 2 56 0 50 0 2 2 3 1 2 0 52 0 1740 1734 1731 1728 1522 1517 58 0 0 1 0 0 0 1 3 4 0 976 266 0 2 1 0 0 0 0 2 12 11 9 6 4 2 0 0 2 2 203 8 0 4 3 0 3 2 20 18 0 76 74 0 0 1 0 0 1 3 1 3 5 0 1 1 0
3 55 17 4 2 7 7 0 17 15 0 7 1 0 0 6 3 0 0 0 60 1 51 1 3 3 4 5 0 1 0 1799 3 1 0 1 0 0 1451 2 0 2 0 1 1 6 0 0 990 6 1 264 1 0 0 3 0 4 14 0 0 7 0 0 0 0 0 0 1 1 191 6 0 0 9 3 0 1 0 17 1 0 67 4 1 0 0 0 2 0 2 1 2 0 0 0
1 6 63 87 42 38 21 19 0 1 0 0 11 12 15 23 0 6 0 67 64 0 0 3128 3073 3068 3055 3048 3039 3035 1804 2 0 0 0 0 0 11 0 1434 1420 1418 1412 1395 1359 1351 1342 1321 327 0 3 0 261 42 40 35 34 33 12 11 10 0 5 4 3 2 1 0 0 0 0 189 12 11 0 0 1 0 0 0 13 0 0 59 3 2 0 0 0 0 0 0 0 0 0 1
1 2 11 103 43 3 2 1 0 0 0 0 0 0 0 24 0 0 3226 3149 3148 3135 3134 3 0 7 0 1 1 0 1226 4 0 1 0 0 1 9 0 11 0 1 14 32 4 0 18 0 323 1 0 2 0 217 204 134 2 1 0 0 3 2 1 0 14 13 12 1 0 0 5 175 19 18 17 10 9 7 2 0 12 8 0 54 1 0 0 0 0 4 3 2 1 0 4 5
3 7 2 1 163 1 0 0 0 1 1 1 0 2 0 3329 3302 3300 69 0 0 10 6 0 1 6 3 0 0 0 1220 0 3 0 0 0 0 2 2 9 0 0 13 31 2 0 0 16 0 322 4 0 0 9 1 68 130 129 127 30 25 24 23 22 4 2 0 9 0 0 2 45 102 101 0 5 0 0 3 0 2 3 2 14 36 32 25 21 17 16 2 1 0 0 1 3
2 1 0 3 6 171 0 1 1 2 2 2 0 1 3337 2 0 1 0 66 0 1 1 2 0 1 1 0 0 2 1217 97 96 7 0 2 0 1 1 1 6 10 1 29 0 1 0 9 3 0 316 2 0 4 3 0 67 0 0 93 25 0 0 0 0 0 0 1 5 2 1 0 43 99 3 0 3 0 0 1 1 2 1 13 1 0 5 0 1 2 4 1 0 0 1 0
1 0 2 0 0 6 172 178 182 186 190 3 0 3352 10 0 0 0 1 1 61 0 0 0 0 0 0 0 0 0 1115 0 0 86 4 0 0 0 0 0 5 9 0 0 27 8 0 8 0 0 315 0 0 0 2 2 0 66 0 65 0 23 13 12 11 1 0 0 1 1 0 0 41 93 0 1 0 1 0 0 0 1 0 4 7 0 1 2 0 1 0 0 0 0 0 0
0 1 0 3 4 0 0 0 0 0 0 191 3362 3 0 8 6 0 0 0 0 59 56 0 0 0 1 3 5 0 1112 3 2 0 85 2 0 0 0 0 4 8 2 0 0 16 7 0 7 2 309 0 1 0 1 0 0 63 0 2 61 0 7 5 0 8 5 1 0 0 1 7 32 53 38 35 4 3 2 1 0 0 0 2 3 2 0 0 0 0 0 1 0 0 2 4
0 0 1 0 1 0 0 0 0 0 1 3561 4 0 1 0 0 4 2 0 0 0 51 2 0 0 0 0 1 8 1106 2 0 0 0 80 78 2 0 0 1 1 2 0 0 14 0 4 6 0 0 308 22 20 16 0 0 62 0 1 57 1 0 0 3 0 1 2 0 0 1 4 31 52 0 1 29 4 3 2 1 0 0 0 2 0 0 0 0 0 3 1 0 0 0 1
2 0 0 0 0 3 1 0 2 0 3567 1 0 2 1 0 0 0 0 0 0 0 0 49 0 1 0 0 1 2 1093 0 0 3 1 0 1 71 0 0 0 0 0 0 0 10 1 3 1 3 276 5 0 0 1 14 0 36 23 0 0 55 1 0 0 0 0 0 0 0 0 0 30 34 15 2 0 23 0 0 0 0 1 0 0 0 0 0 2 1 7 0 0 0 1 2
1 5 0 0 2 0 4 4352 4348 4344 773 1 0 2 1 0 14 0 0 0 0 9 10 47 3 2 0 2 3 4 1088 0 5 0 0 0 0 1 67 2 0 0 0 0 0 8 0 2 0 2 274 0 4 0 0 11 0 33 1 22 0 0 51 0 0 0 0 0 0 0 0 1 27 1 31 11 1 0 21 18 11 6 2 0 0 0 0 1 6 2 10 1 0 0 0 0
0 9 0 0 1 3 4363 3 0 0 10 759 4 0 16 15 0 10 5 0 0 4 0 31 0 0 0 0 1 2 1081 73 66 1 0 0 0 0 1 61 56 55 6 2 0 1 5 0 1 1 272 0 1 0 2 4 1 1 30 0 20 0 0 48 42 6 3 1 1 0 0 1 24 0 28 1 10 0 0 2 1 2 0 0 1 1 0 1 7 3 15 3 1 0 0 1
1 0 11 1 0 4373 2 0 1 9 1 0 750 18 0 2 0 0 1 2 0 2 0 1 25 6 0 0 1 14 1003 0 0 62 0 1 3 0 0 3 0 45 0 1 0 0 2 0 0 0 269 1 0 0 1 3 0 0 25 3 0 17 0 0 3 33 16 12 6 2 0 0 22 8 16 1 0 8 1 1 0 0 0 0 2 2 0 3 8 20 2 0 0 1 3 5
0 0 4416 4402 4399 22 3 0 0 8 0 2 0 726 4 0 1 0 0 0 0 1 0 8 8 1 0 1 11 0 986 2 0 60 57 49 0 0 0 0 0 1 42 2 1 0 0 1 0 0 1 266 0 0 0 1 0 23 0 0 1 2 12 0 1 14 0 2 2 1 0 18 2 7 12 2 0 2 2 0 0 0 1 0 4 3 1 40 26 25 0 0 0 0 1 2
0 4422 3 1 0 0 16 2 0 6 0 1 0 0 718 5 2 1 0 0 0 0 7 1 5 0 0 8 0 1 981 0 0 1 0 3 43 0 2 0 0 0 0 37 0 6 3 2 0 0 238 0 24 5 1 0 0 4 17 0 0 1 2 8 0 1 11 1 1 0 0 17 1 6 4 6 1 1 0 0 0 0 0 3 51 52 59 41 0 0 0 0 0 1 0 0
7065 3 1 0 0 0 13 0 0 4 0 0 0 0 0 709 1 0 2 0 0 0 4 0 4 0 6 0 0 1 977 0 6 0 0 0 1 41 19 18 15 14 4 0 35 0 0 0 0 232 0 2 0 15 2 1 0 3 2 12 0 0 1 1 5 0 8 1 0 0 0 14 0 5 3 3 1 0 0 0 0 1 1 37 2 0 0 103 1 1 1 1 1 188 191 193
85 0 0 0 0 0 0 10 0 2 0 0 0 9 10 706 17 15 9 8 6 0 2 0 3 0 3 0 1 2 973 7 0 4 1 0 0 0 16 0 0 2 5 2 0 25 9 0 2 0 230 0 0 0 13 1 0 2 1 0 9 0 0 0 1 2 4 2 0 0 8 3 0 4 2 0 1 0 0 0 2 27 34 1 0 1 3 41 150 151 166 170 173 9 0 0
0 83 0 0 2 0 0 6 0 1 0 2 6 0 1 676 0 0 1 0 2 1 0 0 2 0 1 0 0 1 8 952 0 0 1 0 0 0 0 12 0 1 3 0 1 0 13 6 0 1 229 2 1 0 7 1 0 1 0 0 0 6 3 0 0 1 2 0 1 3 2 1 0 2 0 1 0 0 0 2 22 1 1 0 1 2 34 1 1 0 8 0 1 3 4 0
0 0 80 7 2 1 0 4 0 0 0 0 0 0 1 672 0 0 0 0 0 0 0 0 0 0 0 1 3 4 0 12 936 0 0 1 1 0 0 0 8 0 0 1 0 0 12 0 0 0 3 221 0 0 0 5 4 3 2 1 0 0 0 1 0 0 0 0 0 2 0 0 0 0 0 0 0 1 3 17 0 0 0 0 0 1 28 0 0 0 5 0 0 2 1 0
0 1 3 67 0 1 0 3 1 1 2 4 6 0 1 38 629 627 3 0 0 0 0 0 0 0 0 0 1 9 10 0 11 921 917 5 0 0 0 0 0 6 5 4 2 0 11 1 0 0 2 219 17 16 14 13 9 8 2 1 0 0 0 0 0 0 0 0 0 1 0 0 0 0 0 0 0 0 1 12 7 3 0 0 1 13 27 2 1 1 4 0 0 1 0 0
0 0 0 65 5 2 1 0 0 0 0 0 0 8 9 25 0 0 620 2 0 0 2 1 1 1 0 1 5 0 0 9 0 2 0 908 3 1 1 0 0 0 1 0 0 0 1 6 4 0 0 4 195 0 0 0 1 1 2 0 0 1 11 7 3 1 0 2 0 0 0 2 0 0 2 1 0 1 0 0 2 2 0 3 8 1 8 0 0 0 0 0 0 0 0 0
1 0 0 1 55 1 0 0 0 0 0 1 12 13 18 4 0 0 0 614 2 0 17 13 7 6 0 1 0 0 1 5 1 1 1 0 900 3 0 3 0 3 0 0 1 0 0 0 0 1 0 0 2 193 0 0 0 0 0 0 3 13 0 0 1 0 0 4 1 0 2 4 0 0 6 0 1 5 2 0 1 1 0 2 0 0 3 3 0 0 0 0 2 0 1 2
2 0 0 0 52 1 0 0 1 0 3 9 0 3 1 0 0 0 56 0 552 19 0 0 0 0 0 0 0 0 1 2 0 0 0 423 0 470 466 0 11 10 4 2 0 0 0 0 1 0 1 0 0 0 191 0 0 0 0 1 19 0 0 1 0 0 0 6 2 0 4 5 1 1 7 1 12 3 1 0 0 0 0 0 0 2 1 0 0 0 1 1 6 1 0 5
1 0 0 3 32 11 9 8 0 0 3 0 0 0 0 0 0 51 2 0 0 529 2 0 0 0 0 0 0 1 2 13 14 0 407 14 1 0 442 17 3 2 0 0 1 1 2 2 0 2 0 0 0 0 0 188 187 184 181 173 169 0 4 0 0 1 0 8 3 1 5 57 50 45 28 17 3 1 0 0 0 0 0 0 0 0 0 0 2 0 1 4 5 9 1 0
0 0 1 3 27 1 0 1 1 1 0 0 0 0 0 1 49 0 0 0 1 0 522 0 1 2 0 0 2 4 0 8 0 46 359 0 13 0 0 440 0 0 0 120 118 113 109 99 98 96 92 3 1 1 0 0 0 0 2 0 2 147 143 1 0 2 1 94 84 76 64 0 1 2 10 1 0 0 0 0 2 1 1 1 0 0 0 1 4 0 1 0 0 43 59 61
2 0 2 1 21 0 0 0 0 0 0 0 3 4 6 43 0 0 0 0 30 31 520 2 0 4 0 0 0 1 7 0 24 3 357 0 0 12 0 0 438 433 167 0 1 0 0 5 4 3 0 85 81 12 8 6 5 3 0 1 1 2 3 131 122 120 102 6 2 2 0 3 0 1 1 5 2 0 0 0 1 7 2 2 1 0 2 4 17 18 26 29 35 1 0 0
1 1 0 0 8 10 8 1 0 0 1 4 5 6 33 0 0 0 26 28 0 1 484 11 9 8 1 0 0 1 2 6 22 2 355 2 0 9 0 0 3 264 0 42 30 2 0 0 1 0 1 2 1 65 1 0 0 0 0 0 0 1 2 3 3 2 8 0 4 1 1 1 0 0 0 0 0 0 0 1 0 0 11 5 0 0 0 2 4 1 1 0 4 0 0 0
0 0 0 2 4 0 4 0 0 0 0 13 16 23 0 0 0 24 0 0 0 1 469 0 0 0 1 0 0 0 2 0 14 1 351 1 0 0 7 0 2 263 1 0 7 26 24 4 1 0 0 1 0 31 30 29 28 26 2 1 0 0 1 2 2 1 2 4 1 1 0 0 0 0 0 0 0 0 0 1 3 0 1 19 0 0 1 0 0 0 0 2 0 0 1 18
0 0 0 1 0 0 2 0 3 4 12 1 4 0 1 2 17 1 0 0 3 5 465 13 12 10 8 2 0 0 0 1 10 0 348 2 1 0 3 0 1 1 258 0 6 1 0 17 2 1 0 0 0 3 25 0 0 1 20 1 0 0 0 1 1 0 1 2 0 0 0 0 0 0 1 2 1 2 0 0 2 7 9 24 0 5 3 0 0 0 0 0 0 4 9 3
2 0 0 0 0 0 0 0 0 0 4 0 3 0 0 11 1 0 0 1 0 0 444 0 0 0 0 1 0 0 1 8 0 1 344 1 0 0 0 1 0 0 1 255 2 0 0 3 9 5 1 0 0 1 12 10 0 0 0 16 4 2 1 0 0 0 0 0 0 0 0 0 3 0 2 8 2 3 1 0 1 0 0 45 8 1 0 1 0 1 0 0 2 1 1 1
4 2 1 0 0 0 0 0 0 0 2 0 1 0 1 7 0 0 0 1 0 418 0 21 19 16 10 1 0 0 1 5 0 0 0 337 8 2 1 0 0 0 3 254 3 1 0 0 1 2 2 0 0 3 2 4 8 7 0 0 9 2 0 0 0 1 0 0 0 2 0 0 4 0 0 1 14 4 3 0 0 2 4 47 0 0 0 3 0 3 0 0 0 0 0 0
12 6 0 1 1 1 5 2 0 0 0 0 0 3 5 0 0 2 3 5 9 416 0 0 0 0 1 7 2 0 0 1 1 2 323 2 0 3 2 1 0 2 1 2 240 2 1 0 0 0 0 0 0 1 1 1 1 2 2 0 3 1 0 0 1 3 13 1 4 1 2 0 5 0 2 0 1 20 5 1 0 0 1 54 0 0 6 1 0 4 2 0 0 0 0 0
145 133 130 5 2 10 1 0 0 0 0 0 1 0 0 1 2 0 0 0 0 402 1 0 0 0 0 1 1 0 0 0 0 1 319 0 1 0 0 1 0 1 0 1 235 3 2 1 0 0 0 1 0 0 0 0 0 0 0 0 1 0 0 0 1 5 1 18 7 4 0 0 6 0 1 5 11 36 8 0 1 0 0 59 0 0 10 0 1 5 6 1 1 0 0 2
9 1 1 121 12 0 0 2 0 2 0 0 0 0 0 0 10 30 33 0 0 52 347 8 6 5 0 0 0 1 0 0 0 1 297 15 13 11 4 1 0 0 0 0 215 18 1 0 0 1 6 2 0 0 0 0 0 0 0 0 0 0 0 1 2 0 0 1 32 0 1 7 0 0 2 4 0 0 47 3 2 0 0 62 0 0 13 28 24 23 0 4 1 0 0 4
7 0 0 0 106 7 5 1 0 0 5 0 2 5 6 8 15 0 0 35 37 50 337 1 0 2 1 0 0 0 4 5 7 253 41 0 0 0 4 3 2 1 0 0 0 211 15 14 13 9 1 0 0 1 3 16 9 8 6 3 1 0 0 1 2 3 4 5 41 57 13 2 0 0 0 0 1 2 3 61 1 0 0 65 0 0 46 1 0 0 7 1 0 0 2 14
6 0 0 2 13 83 1 0 0 0 6 0 1 2 8 12 14 0 1 5 9 11 334 28 0 0 0 0 0 0 4 5 6 244 40 35 32 31 8 7 6 5 0 0 5 210 7 0 3 2 1 0 0 0 0 18 0 0 0 2 1 0 0 1 2 3 13 14 15 58 0 0 0 0 0 0 1 2 0 64 1 0 0 68 0 0 49 0 0 0 2 1 0 0 0 16
0 0 0 0 9 80 0 0 1 1 9 0 0 4 1 0 0 1 2 0 1 0 304 0 26 24 7 5 0 0 1 0 1 234 2 0 1 0 20 1 0 3 0 0 2 2 192 5 0 0 0 0 1 1 1 35 15 14 6 2 1 0 0 1 3 8 0 2 5 26 88 1 0 2 0 0 1 2 72 2 1 0 0 1 69 0 51 0 11 9 1 0 0 1 0 17
0 2 3 7 0 6 71 18 14 13 0 0 1 0 0 0 0 0 0 0 0 1 302 0 0 0 12 0 2 0 0 0 1 233 63 1 0 0 15 1 0 1 0 0 0 1 1 189 3 1 0 1 49 46 40 2 0 4 2 1 0 0 0 0 0 2 0 1 1 1 1 94 0 4 0 0 0 1 75 4 0 0 0 1 72 70 16 15 0 1 0 0 0 3 1 51
0 0 0 1 1 2 44 6 4 3 2 0 0 1 3 6 0 0 3 0 47 48 298 1 0 5 0 3 0 0 0 1 2 166 0 62 1 0 0 13 11 10 1 0 0 0 0 0 182 61 60 58 3 2 0 0 0 0 0 0 1 1 0 0 0 0 0 0 0 0 0 1 98 104 1 1 0 0 82 0 0 1 0 0 148 1 0 0 0 0 0 0 2 4 55 0
1 0 0 0 0 0 16 26 0 1 0 0 0 0 0 0 8 10 43 45 0 1 241 2 0 3 0 0 0 0 1 2 157 2 0 12 46 2 1 0 0 7 4 2 0 0 2 3 113 1 0 0 0 0 0 0 0 0 1 8 4 1 1 0 0 0 0 0 0 1 0 0 0 0 108 3 0 0 84 0 8 5 0 150 1 0 0 0 0 0 0 2 7 98 1 0
0 0 0 0 0 1 13 0 24 19 1 0 0 1 0 0 0 25 1 0 0 1 240 0 0 2 1 0 0 0 1 2 153 0 0 10 0 42 2 1 0 0 0 0 0 0 0 11 1 98 0 0 0 0 0 1 1 14 10 0 0 0 2 1 1 1 1 1 0 0 3 6 9 10 0 113 1 0 0 98 2 0 0 154 0 0 1 1 1 1 0 0 108 0 34 30
11 6 5 0 0 1 10 0 3 12 1 0 0 1 4 14 21 1 0 0 0 1 236 0 0 0 0 1 0 0 1 2 3 142 3 0 9 0 38 14 12 11 0 1 0 0 7 1 0 1 94 3 0 1 1 7 0 15 0 0 1 1 3 2 2 2 0 4 1 0 0 0 0 0 11 1 116 0 548 446 443 0 0 158 2 1 2 2 2 2 1 119 6 0 0 1
0 0 0 0 0 5 1 0 2 0 10 1 0 0 7 1 2 0 0 0 1 0 232 1 0 1 6 2 0 0 1 2 81 53 1 1 6 0 21 0 0 9 7 2 0 0 4 0 0 0 12 75 17 16 13 0 1 0 16 2 2 2 4 3 3 3 0 849 842 3 0 0 0 698 695 682 678 559 6 0 1 442 433 268 248 247 242 240 132 128 122 0 1 4 1 0
0 0 0 0 0 1 1 0 1 2 2 1 0 3 1 0 1 0 3 5 51 190 0 36 35 32 2 1 0 0 1 80 0 1 49 0 0 5 0 20 0 0 0 0 0 0 2 3 6 11 1 51 2 1 0 0 0 0 2 20 27 3 5 4 0 4 857 1 0 834 1 0 817 116 2 0 0 1 3 0 0 6 4 15 2 0 0 0 102 54 0 0 0 0 0 0
2 0 2 0 1 0 0 0 0 1 1 0 0 0 0 0 0 1 0 40 0 2 134 0 0 0 18 1 0 0 2 77 0 0 48 9 8 7 3 1 18 17 2 1 0 1 2 1 1 1 0 0 49 0 0 0 2 3 4 0 1 32 6 5 0 883 18 0 0 0 830 822 2 0 112 1 0 0 0 1 2 2 3 2 11 1 0 0 46 52 30 28 1 0 0 0
3 4 1 8 5 3 2 1 0 0 0 0 0 0 0 0 0 0 0 38 0 1 132 1 0 0 6 7 0 0 0 0 70 1 29 5 4 0 6 0 0 13 5 3 1 0 1 0 0 0 0 1 47 1 0 0 0 0 1 5 0 2 968 927 912 24 21 16 14 0 0 4 0 0 1 109 1 0 0 0 1 1 2 1 2 7 0 0 43 19 0 0 25 23 9 7
24 14 10 0 0 0 0 0 1 0 0 1 3 5 9 1 2 30 34 1 0 1 129 1 0 2 0 1 5 0 0 68 0 0 26 1 0 2 1 5 0 4 1 0 0 0 0 0 1 2 3 39 1 0 0 1 0 0 0 2 6 980 0 7 1 0 0 20 0 13 0 0 0 0 1 44 61 35 0 0 0 0 1 0 1 4 0 0 42 18 1 0 0 4 7 1
1 0 0 1 1 1 4 2 0 0 0 0 0 0 0 11 21 2 2 0 0 4 124 1 0 1 0 0 1 1 0 1 63 0 1 22 2 1 0 2 0 2 0 0 0 0 0 0 0 0 32 1 0 0 0 4 1 0 1 3 996 0 5 3 6 0 0 17 0 0 11 7 0 0 0 40 1 22 32 1 0 0 0 0 0 2 0 2 37 1 13 1 0 3 4 0
0 0 0 16 11 8 2 1 0 0 2 2 0 0 1 7 0 1 1 0 2 0 116 0 0 0 0 0 0 0 0 1 61 0 0 16 1 0 0 0 0 0 0 0 0 2 0 2 27 29 0 0 0 0 1 0 8 0 2 3 1002 0 0 0 2 5 2 0 15 0 2 2 2 0 37 1 0 21 0 27 24 19 0 0 0 0 0 33 2 0 7 2 0 2 1 0
176 20 18 0 1 0 0 1 0 1 0 10 2 0 2 0 0 0 0 0 0 6 26 79 0 2 0 1 0 0 0 0 1 55 3 1 15 0 0 0 0 0 1 0 0 3 19 21 0 0 0 0 0 1 1 2 9 0 0 4 1012 3 1 0 1 1 1 9 1 1 1 1 1 0 35 0 1 15 2 1 0 1 17 2 0 0 1 30 1 1 1 2 0 1 0 0
136 13 12 11 8 7 6 2 1 17 14 1 0 0 0 0 0 1 2 3 4 24 0 0 75 13 8 5 3 1 0 0 0 48 0 0 0 13 12 10 8 6 2 0 0 0 9 0 0 1 2 5 7 10 13 14 28 0 2 0 1017 2 1 0 0 0 0 8 0 0 0 0 0 4 27 0 0 14 0 0 0 0 11 0 0 0 28 0 0 0 0 0 0 0 0 1
135 122 0 0 0 23 22 0 18 0 6 4 2 1 0 0 0 0 0 0 21 23 0 6 19 40 0 0 0 0 0 0 2 47 38 25 24 19 16 12 9 8 2 0 2 5 8 0 0 0 0 0 0 0 0 0 0 29 0 0 1025 6 5 4 3 2 1 7 5 2 1 0 3 0 26 0 1 13 6 5 0 1 10 0 0 1 26 1 0 0 2 4 0 0 0 0
0 1 118 109 26 1 0 20 0 9 0 0 0 0 0 0 2 5 6 20 0 0 1 2 11 3 34 8 6 4 0 0 0 3 8 2 2 0 1 2 1 2 1 0 1 1 1 0 3 6 9 22 23 25 2 0 3 4 30 2 1033 1 0 0 0 0 0 0 0 0 0 0 1 0 16 6 0 2 0 2 0 0 4 1 0 5 12 2 0 0 0 0 5 1 1 1
0 2 4 79 0 0 0 0 0 10 1 0 0 2 0 0 0 1 4 3 0 0 1 0 9 2 1 21 0 0 0 0 0 1 2 4 1 1 0 1 0 0 0 0 0 0 0 0 0 0 9 0 0 1 31 0 0 0 37 1038 0 4 3 1 2 0 0 0 0 0 0 2 9 12 1 4 0 0 0 0 0 1 1 0 2 0 10 0 0 0 0 0 2 35 40 42
