BASIN_DATA/DATA/7339001/morph_soilgrids/facc.asc
ncols        384
nrows        512
xllcorner    -72.750000000000
yllcorner    -36.500000000000
cellsize     0.001953125000
NODATA_value -9999
[rows 142 to 212 of 512, columns 288 to 383 of 384]
8 0 0 9 0 0 3 24 0 2 0 0 0 0 0 0 0 0 0 0 0 0 0 0 1 0 6 3 2 0 4 11 3 3 0 3 26 0 0 1 0 0 1 4 0 1 1 1 2 4 315 80 0 0 2 1 0 0 1 0 0 0 1 1 3 4 0 0 4 0 1 0 12 0 25 18361 0 2 0 0 1 8 40 0 0 3 808 0 0 0 0 5 1 2 0 2
3 0 2 5 0 0 1 7 13 12 2 0 0 0 1 0 2 2 0 0 0 0 0 1 6 7 9 18 29 31 0 0 17 4 1 31 1 0 3 0 1 1 2 0 6 2 2 0 0 0 309 0 76 73 32 31 30 28 24 2 1 0 0 0 2 2 0 1 1 0 1 2 7 0 2 18366 0 4 0 0 0 12 54 0 3 814 0 0 0 0 0 10 3 0 89 84
0 1 1 2 0 0 1 2 1 2 2 1 0 0 3 1 3 6 1 1 0 1 0 0 0 0 0 2 0 2 36 0 0 18 26 61 1 4 0 1 2 2 0 4 7 3 0 4 6 266 38 0 1 33 1 0 0 0 0 17 3 2 0 0 0 0 0 0 0 0 1 3 6 0 1 18371 6 0 3 0 0 1 0 62 69 816 0 18 17 15 13 0 0 100 3 2
0 0 0 0 0 0 0 0 0 0 0 0 0 1 5 2 11 3 2 0 1 2 1 0 0 0 0 0 0 0 1 40 1 0 0 0 64 5 1 2 3 3 1 5 6 19 0 0 241 16 37 0 0 32 0 18 17 16 0 7 4 0 0 0 1 0 0 0 0 0 0 0 0 0 0 0 18381 5 0 1 0 0 5 0 0 887 153 133 106 105 104 103 101 8 4 2
0 0 0 0 0 0 0 0 0 0 0 0 2 3 0 21 4 0 0 3 0 0 5 1 4 2 0 0 0 0 0 1 43 1 1 1 0 71 0 6 4 4 2 0 0 17 39 238 0 15 35 21 0 0 28 2 0 14 0 1 4 2 0 0 1 3 2 1 0 0 0 0 0 0 1 0 0 18393 4 1 0 0 0 0 0 888 156 0 25 23 21 0 13 0 7 0
1 1 1 1 1 1 1 1 1 1 1 0 0 7 1 22 5 1 1 5 0 0 7 8 0 0 0 0 1 1 1 0 2 46 0 5 0 0 72 0 12 0 5 3 15 0 197 0 0 13 0 11 20 3 0 0 0 10 1 0 2 0 0 0 1 6 5 1 0 1 0 1 2 0 1 4 0 18396 0 1 0 0 0 0 2 1049 0 0 0 0 0 18 0 2 0 6
2 2 2 2 2 2 2 2 2 2 2 1 0 9 2 0 29 2 8 0 2 0 0 17 0 1 1 1 0 2 4 0 4 47 1 6 0 2 0 75 13 0 7 8 0 0 192 0 10 0 0 10 2 16 2 1 0 9 0 0 0 0 0 1 2 12 8 0 1 0 3 0 5 0 1 2 8 18430 3 0 0 0 1 2 1055 0 1 0 0 0 0 0 1 0 0 0
3 3 3 3 3 3 3 3 3 3 3 2 1 10 3 1 30 3 9 1 3 1 1 18 1 2 2 2 1 3 5 1 0 5 58 0 0 7 0 0 91 93 94 165 166 176 191 12 1 7 8 0 1 0 14 1 0 2 4 2 0 0 1 4 6 7 30 1 2 0 1 4 12 0 17 19 22 0 18442 2 0 0 3 1061 0 0 0 0 1 3 0 0 0 0 0 133
4 14 4 4 14 4 4 4 4 4 4 28 19 5 0 0 34 4 10 2 7 2 2 19 22 3 7 11 14 4 6 0 4 66 0 1 0 0 8 9 10 11 68 0 7 0 0 11 0 6 7 0 0 0 9 1 0 1 0 0 0 0 1 0 0 1 2 36 42 1 2 0 14 15 0 0 0 5 0 18452 0 1 1067 0 0 0 2 4 0 11 6 4 2 0 0 139
0 15 0 0 15 0 5 5 5 5 0 29 0 0 0 0 35 5 11 3 8 0 3 0 0 23 0 0 15 5 7 0 5 68 0 3 0 0 0 4 11 44 10 0 6 2 3 10 2 5 5 0 0 1 7 1 0 0 0 0 0 0 1 0 1 2 3 4 43 0 3 0 1 0 0 1 4 0 2 2 18458 1071 0 1 0 0 4 5 12 0 0 0 0 0 0 141
393 412 415 770 789 792 809 818 837 844 31 0 2 0 1 1 42 0 0 25 0 1 4 1 1 0 25 0 17 6 10 0 127 0 0 4 0 1 2 0 4 31 0 8 1 1 2 2 1 4 2 0 0 1 2 1 0 2 1 1 0 0 0 2 0 0 1 2 8 54 4 0 2 0 1 0 0 0 1 2 0 19532 3 0 0 0 1 29 0 1 2 1 1 0 0 144
13 1 0 352 1 0 9 1 11 0 879 4 1 0 2 45 0 1 0 27 1 2 5 2 2 1 0 26 27 0 11 128 0 50 49 39 38 0 0 0 3 30 4 7 0 0 1 1 0 3 0 0 0 1 2 2 0 3 6 1 0 1 0 1 6 0 0 1 2 0 55 6 3 1 0 2 0 0 0 0 0 0 19540 1 0 0 0 0 30 33 5 2 0 1 146 0
12 0 350 0 0 3 4 0 10 0 1 906 910 912 49 0 1 3 0 28 2 3 6 3 3 0 3 27 214 185 181 23 13 12 1 2 0 32 19 0 2 24 1 1 6 0 0 0 0 0 0 0 1 0 1 6 1 11 0 0 3 0 0 1 0 8 1 0 0 4 0 57 69 2 0 2 4 0 0 0 0 0 19544 1 1 0 0 0 0 0 41 4 0 2 149 0
11 1 346 0 1 0 3 8 0 0 8 9 0 0 972 981 4 0 1 32 0 0 11 9 0 0 33 216 0 2 0 14 7 1 9 0 1 11 16 0 1 23 0 0 0 4 1 0 0 0 0 0 0 2 0 9 2 13 1 4 2 0 0 2 5 0 9 2 1 6 0 0 70 3 0 0 9 0 0 1 2 573 575 20125 1 0 1 1 1 0 0 48 1 153 0 0
2 0 345 0 0 2 2 4 2 7 2 8 0 4 2 3 997 999 37 1 0 1 12 10 0 0 254 1 0 0 0 13 0 4 0 8 0 10 4 10 0 21 1 0 0 0 0 0 0 1 2 0 2 4 3 11 3 14 7 3 0 0 0 1 2 6 8 19 5 7 1 0 515 522 535 538 552 556 559 563 569 0 0 58 20189 2 0 2 2 0 1 0 51 20463 20466 84
0 305 34 2 0 0 1 3 1 3 1 4 2 1 1 0 10 0 1040 1 0 15 0 11 1 256 0 1 0 3 0 4 6 0 2 3 3 9 3 4 4 9 8 5 3 0 0 1 0 1 2 3 0 1 11 0 17 18 27 1 0 1 0 0 1 3 0 0 27 0 8 438 2 1 10 0 2 1 0 0 1 1 0 56 4 20200 3 0 3 1 0 3 20256 0 0 20556
302 1 2 30 1 0 0 2 0 2 0 3 1 0 0 0 8 0 0 1068 20 2 1 0 15 261 2 0 5 0 1 3 3 1 1 2 2 8 2 3 3 3 4 1 0 0 0 2 2 4 7 15 0 0 1 12 0 0 48 2 3 1 0 0 0 3 8 1 0 30 435 0 0 0 9 0 0 0 0 0 0 1 55 0 2 14 20221 20228 20235 20240 20245 20249 0 0 1 1
301 0 1 2 26 1 0 0 0 1 0 1 0 0 1 6 0 0 1 0 1070 0 0 0 16 262 8 6 1 0 0 2 2 0 0 1 1 7 1 2 2 2 1 1 0 0 0 0 3 0 1 2 16 1 0 2 14 0 0 49 148 151 1 1 0 0 0 10 2 388 0 4 2 0 5 2 0 0 1 41 0 0 51 1 12 0 4 4 1 1 2 0 0 0 0 0
3 0 0 1 1 21 0 1 0 0 0 0 1 2 3 0 1 0 0 1 1074 0 1 0 292 273 0 4 1 0 0 0 0 1 0 0 0 6 0 1 1 1 0 0 0 0 3 1 4 0 1 2 23 0 2 1 65 66 68 140 0 0 156 161 1 1 0 352 384 0 2 0 1 0 2 0 0 0 34 2 42 50 0 10 0 3 1 1 0 0 0 0 0 0 0 1
1 0 0 0 0 15 3 0 0 0 0 1 3 6 9 12 13 22 23 25 1106 2 0 295 0 0 5 0 0 4 3 1 0 0 1 0 0 2 1 0 0 0 0 0 1 0 0 7 5 0 1 2 3 28 38 43 0 0 16 1 0 0 0 0 162 343 350 4 4 5 0 0 0 0 0 0 30 32 1 0 2 6 8 0 1 0 0 0 0 0 0 0 2 1 0 0
288 2 0 0 0 1 11 9 5 4 0 0 1 1 1 1 3 0 0 0 0 1118 298 0 0 0 9 1 6 0 1 0 5 3 0 0 0 0 0 0 0 0 0 1 5 1 0 9 6 0 0 3 5 7 0 0 0 0 13 0 0 3 0 0 173 1 5 3 3 3 0 0 0 0 1 21 5 0 0 0 1 0 7 0 0 0 0 0 1 2 6 7 0 49 51 113
3 145 2 0 0 0 0 0 0 0 0 0 0 0 0 0 0 1 2 8 9 0 1423 1 0 0 0 21 0 11 8 7 0 0 2 0 0 0 0 0 2 0 3 0 1 8 0 11 0 7 1 0 0 0 1 2 10 11 0 0 0 0 5 170 0 0 4 2 2 1 0 0 7 8 16 1 2 1 0 0 0 3 0 0 0 0 2 1 0 0 0 0 41 0 59 0
2 141 6 1 0 0 0 0 0 0 0 0 0 1 2 0 1 2 3 0 0 4 0 1450 1454 0 0 22 14 1 0 0 6 4 0 0 1 1 1 0 4 0 0 4 0 12 0 0 14 23 0 0 0 0 0 3 0 0 0 0 1 0 159 0 1 0 2 1 1 0 0 1 1 3 2 0 1 0 0 2 0 0 0 0 0 1 3 15 19 23 0 27 3 0 55 0
1 0 132 3 1 0 1 1 1 1 3 0 0 1 0 4 5 6 0 0 1 0 0 21 48 1505 1508 39 0 0 1 7 0 1 0 1 4 0 2 1 5 0 1 6 0 0 14 0 0 1 26 28 30 2 0 0 0 1 8 10 151 154 1 0 0 0 0 0 0 0 0 0 0 2 0 0 0 0 2 3 3 0 0 1 2 0 3 1 1 1 26 1 0 1 54 0
0 0 8 122 20 19 17 14 11 8 1 0 0 1 4 5 6 7 16 17 18 19 20 45 1 0 0 1551 5 3 0 14 5 1 0 0 10 1 3 0 9 10 12 22 1 2 4 21 22 23 24 25 26 61 0 0 1 4 0 125 10 0 0 0 0 1 2 4 0 0 6 1 0 0 0 0 0 0 0 1 10 11 14 17 3 0 0 0 0 0 0 0 0 0 21 28
1 2 6 100 1 0 15 14 11 10 1 0 0 2 4 6 7 8 18 19 20 21 43 0 0 0 0 0 1559 0 0 15 0 0 0 0 11 0 4 0 1 0 1 0 23 0 0 0 1 2 3 9 11 19 84 0 1 0 1 123 9 1 0 0 0 0 0 5 0 0 8 1 0 0 0 1 1 0 0 0 0 0 2 3 22 0 1 0 0 0 1 6 8 9 19 15
0 1 2 97 21 20 3 1 1 7 4 0 0 0 0 0 1 7 0 0 13 14 20 0 0 0 1 23 1585 0 1 16 3 0 1 1 12 7 0 0 2 0 1 3 24 1 2 0 0 2 4 0 2 3 0 85 0 0 119 0 5 0 0 0 1 1 1 7 1 0 9 2 0 1 3 0 2 1 3 0 11 0 0 0 4 26 0 1 0 0 1 1 0 3 8 14
0 0 1 74 1 0 0 0 0 1 1 0 0 0 0 1 3 0 0 10 0 3 0 0 15 18 20 0 3 1593 0 28 6 5 2 13 8 0 0 0 4 0 0 6 36 8 3 1 0 0 0 1 1 0 0 1 106 117 0 0 4 0 0 9 14 18 21 24 64 68 79 0 4 2 4 1 3 0 0 8 0 12 0 2 5 33 5 1 0 0 0 0 2 0 3 4
0 0 1 64 4 3 2 1 0 0 0 0 0 3 0 0 0 1 2 8 0 1 0 8 2 0 0 0 0 3 1628 0 0 0 0 14 10 0 1 1 5 1 48 37 0 0 0 0 0 1 0 0 0 0 1 7 8 5 1 2 0 1 6 1 0 0 0 26 1 1 0 82 98 104 111 114 5 0 0 0 0 1 16 20 0 0 40 1 0 1 0 0 0 0 1 3
2 4 11 37 11 6 5 4 2 1 0 2 0 0 5 0 0 0 3 0 0 0 1 6 1 0 0 0 1 0 343 2030 2033 2052 15 0 11 1 2 8 0 0 49 1 0 0 0 0 0 0 7 2 0 0 4 6 0 4 0 1 0 1 0 0 0 0 23 0 0 0 0 2 5 1 0 0 125 0 0 0 0 2 8 0 22 0 42 118683 118687 118691 118695 0 0 0 1 0
4 5 7 28 1 1 0 0 0 0 0 1 5 7 9 7 0 1 0 14 1 0 0 2 0 0 331 332 333 341 0 56 0 3 2071 12 0 2 3 9 1 1 52 0 1 1 1 1 1 9 0 0 0 2 0 0 3 2 0 0 0 0 4 5 6 16 21 1 0 0 1 1 2 0 0 1 0 128 0 0 2 7 0 12 0 24 118637 0 1 0 3 118702 0 0 0 0
0 4 1 27 0 0 1 0 0 0 0 0 1 3 4 15 8 10 11 0 49 0 1 0 1 326 0 4 5 0 0 55 1 0 3 2081 3 0 4 13 0 55 0 1 2 2 0 4 2 15 3 1 0 0 0 0 1 1 0 1 0 2 0 3 5 1 0 0 0 0 0 0 1 0 1 0 0 180 182 0 0 225 0 0 15 118609 0 0 0 0 1 8 118718 118722 118725 118729
2 0 20 3 0 0 3 1 0 1 1 0 0 0 1 4 21 22 23 30 0 50 0 0 323 0 3 0 3 4 50 2 0 0 1 2 2087 0 19 0 0 56 4 0 0 7 0 10 16 0 0 0 0 0 0 0 0 0 0 0 2 0 0 0 0 0 0 0 0 3 0 0 0 0 0 4 46 1 1 188 224 0 228 0 118590 0 0 0 1 0 6 0 5 1 0 14
2 19 1 0 0 1 7 2 1 2 3 0 0 0 1 0 1 4 5 0 1 247 317 319 1 0 0 0 0 42 1 0 0 0 0 0 116 2209 2245 2249 2252 2316 0 0 0 0 8 31 19 0 4 1 1 0 0 2 0 0 0 3 3 0 0 0 0 0 0 3 0 5 6 8 11 12 24 40 0 0 0 0 34 0 1 231 118587 0 0 0 2 2 2 2 1 0 12 0
14 0 0 0 0 1 2 11 55 61 66 1 1 0 0 0 1 229 237 242 244 0 15 0 0 0 1 2 40 0 0 0 0 0 0 114 0 3 14 1 0 14 2334 0 1 1 41 0 0 9 3 2 0 1 0 4 1 1 0 0 10 1 1 5 1 1 0 0 4 0 1 2 8 9 0 14 0 0 1 31 1 0 3 7 10 118342 0 5 0 1 1 1 0 6 4 0
1 0 5 6 10 30 31 35 1 1 0 70 82 182 185 0 228 6 0 2 0 13 0 0 1 2 25 26 36 0 91 97 98 102 113 0 2 12 0 0 0 12 3 2342 0 44 0 1 11 0 0 0 3 0 1 5 2 2 1 0 0 13 18 20 27 0 4 1 5 0 0 3 0 0 6 3 0 0 26 1 0 2 2 0 0 13 118325 0 0 0 0 0 0 4 2 0
0 3 0 1 17 0 1 0 0 0 0 8 95 1 0 226 1 3 1 0 12 0 1 2 3 20 0 7 0 90 0 2 1 0 6 0 0 10 3 5 11 0 1 5 2351 2398 2402 2406 2421 0 1 5 0 3 0 10 0 5 0 0 0 0 0 0 0 29 37 40 41 49 0 1 0 0 3 2 0 3 20 0 1 1 0 3 11 0 5 118311 0 1 0 0 1 1 3 1
2 0 1 15 0 0 0 3 4 5 6 93 0 0 0 38 0 2 0 1 8 0 2 5 15 0 5 0 0 85 1 1 0 4 0 3 9 2 0 1 2 0 2 1 1 0 1 0 88 2514 0 12 4 1 11 0 0 6 3 0 0 0 0 0 1 0 0 0 0 50 1 0 1 2 0 0 1 1 16 0 0 0 1 1 4 0 3 2 118305 0 0 0 4 0 0 2
0 0 9 1 0 0 1 0 1 0 65 25 0 0 35 0 0 1 0 1 5 0 0 0 8 2 0 0 83 0 0 0 1 1 2 3 0 1 0 0 0 0 0 0 0 0 0 85 1 20 2550 0 2 12 1 0 1 11 0 0 1 2 0 0 0 4 5 0 1 57 2 1 0 0 1 0 0 1 9 5 0 0 0 0 3 2 0 0 114101 4199 0 9 2 0 3 1
2 5 1 0 0 0 0 0 50 61 1 1 22 0 2 29 0 0 0 1 2 0 1 2 4 1 0 48 33 0 1 0 0 0 1 2 0 0 0 0 0 0 0 76 79 80 83 0 1 17 2 2571 13 2 0 1 2 13 0 1 2 4 0 1 0 0 0 7 61 0 0 0 0 1 0 2 0 1 4 2 0 0 0 0 0 1 0 0 114100 1 4194 0 6 5 0 0
0 0 0 0 1 3 5 45 0 9 0 0 21 0 0 25 1 0 0 0 0 0 1 2 3 0 0 44 10 20 1 0 0 0 0 1 0 1 3 5 8 10 74 0 0 0 0 0 16 0 0 4 2627 2675 2678 2682 2687 2704 0 6 0 0 7 4 0 0 1 2 75 0 3 0 1 0 3 7 0 0 3 1 0 1 3 5 0 0 0 114097 1 0 55 4126 0 2 1 0
0 1 2 0 0 1 17 37 1 8 2 4 20 0 0 24 1 0 0 1 3 4 6 7 12 14 15 43 9 15 0 0 1 0 0 1 0 1 28 29 56 59 2 0 0 0 14 15 0 1 2 0 49 43 0 0 0 11 2725 0 0 0 8 5 0 0 0 0 76 4 0 2 0 0 0 0 8 0 1 0 0 0 0 6 0 0 114028 65 0 0 54 2 4114 0 1 0
0 0 1 5 7 14 3 12 0 7 1 0 10 2 0 7 11 2 0 0 0 0 1 2 3 0 25 0 8 11 1 3 8 11 12 19 0 25 0 20 4 1 0 0 1 10 1 0 0 0 0 48 0 36 5 0 9 0 3 2737 2740 2774 2787 2801 2804 2807 2810 2895 5 1 3 0 1 1 2 9 0 0 0 0 0 2 113999 114008 114017 114020 4 0 63 53 0 0 3 4105 0 0
1 0 0 1 5 1 0 10 0 6 0 0 8 1 0 5 2 4 1 0 0 0 0 1 19 23 0 3 3 10 0 1 1 0 3 0 24 0 1 16 3 0 2 6 7 0 0 0 37 43 45 0 0 33 4 0 6 0 1 6 0 31 2 6 0 0 0 15 2915 0 0 5 2 2 13 1 0 1 1 1 2 113994 0 0 6 0 1 0 62 51 0 1 0 2 4098 1
1 0 0 0 1 0 0 7 1 5 0 0 6 0 0 3 1 0 0 0 0 1 0 1 14 0 1 2 2 9 0 0 0 0 1 0 0 0 9 15 2 1 0 0 0 0 0 34 1 0 0 0 31 0 3 1 3 0 1 3 0 30 1 5 0 7 13 0 6 2926 2951 2960 2965 2986 2 0 0 0 2 4 113988 0 0 0 0 3 0 0 60 48 1 0 0 0 1882 2211
3 1 0 0 0 0 2 2 0 1 1 0 3 0 1 0 0 0 0 0 1 1 4 10 2 0 1 0 0 7 5 1 0 0 0 2 6 7 1 2 1 0 0 0 0 28 30 0 0 0 17 27 0 0 2 0 2 0 1 0 0 27 0 4 5 2 1 0 4 2 22 1 0 2 2993 1 0 0 4 113973 0 7 2 0 1 0 0 34 24 47 1 0 0 1 1881 1
1421 5 1 0 0 0 0 0 0 0 0 0 0 0 0 0 1 1 0 2 0 3 4 0 0 0 0 1 3 0 0 2 1 0 0 1 2 0 0 0 0 0 1 17 22 1 0 0 1 15 0 3 3 0 1 0 0 0 0 1 25 0 0 2 4 1 0 2 0 1 21 0 0 0 2 2998 0 1 113962 0 3 0 2 0 0 0 1 32 23 44 0 0 0 0 1878 0
0 1425 1 0 3 0 0 0 0 0 0 0 0 0 0 0 0 2 10 15 16 0 0 0 0 0 0 0 4 0 0 0 1 0 0 0 2 3 4 5 7 8 11 0 3 0 1 3 11 0 1 0 0 0 0 0 1 2 4 12 0 8 0 0 3 0 0 0 0 0 18 0 0 0 0 0 3001 113954 0 3 2 0 0 0 0 1 28 0 22 41 0 0 0 1874 2 0
2 0 1446 6 0 1 0 1 1 2 0 1 1 0 1 1 1 3 0 0 0 19 1 1 1 1 1 1 5 2 1 2 0 0 0 0 0 1 2 0 0 0 0 0 1 0 0 4 0 0 0 0 0 0 0 0 0 0 2 2 0 1 5 0 1 0 0 2 5 16 0 0 1 0 18 19 110949 1 0 2 0 0 0 0 0 23 0 0 21 0 39 0 7 1863 0 0
5 7 1 1454 2 0 1 2 2 3 3 0 2 1 2 2 0 0 0 0 2 20 0 5 2 0 5 8 6 0 5 3 2 1 0 0 0 0 0 4 0 0 0 0 0 0 3 0 0 1 2 3 6 0 2 1 0 1 0 1 0 0 0 1 0 0 0 1 0 8 0 0 12 17 0 110919 0 6 0 1 0 0 3 0 1 21 0 0 20 0 38 0 3 1861 0 0
0 0 0 2 1718 7 3 0 3 4 5 0 0 3 2 6 2 0 0 1 3 21 0 0 9 0 0 0 16 0 7 4 3 2 1 1 1 1 1 7 0 0 5 0 0 0 0 0 0 0 1 2 0 7 21 26 0 0 0 0 0 0 0 1 0 0 0 0 2 2 0 1 7 2 0 110916 0 0 5 0 0 0 0 9 15 0 0 0 18 0 36 0 0 2 1856 0
2 0 1 261 0 1729 1 0 4 5 6 0 2 1832 1841 1852 1858 1862 1866 1870 1876 2217 2220 2224 2239 2244 2248 2251 2270 2370 2380 2388 2395 2402 2409 2416 2422 2426 2438 0 0 0 0 9 0 1 0 0 2 0 0 0 6 7 0 0 28 0 2 1 0 3 2 0 1 0 0 0 0 0 0 0 3 1 0 3 110909 0 0 1 0 0 1 0 3 0 0 3 12 26 0 6 0 0 1853 0
7 11 259 0 1 0 1736 1744 0 6 0 1819 1823 0 4 2 1 1 1 0 0 317 0 1 3 2 1 0 0 97 0 1 1 2 3 3 2 0 4 2446 0 0 0 0 11 2 0 2 4 9 17 0 0 0 0 1 29 0 4 5 9 103 0 3 0 2 0 0 0 1 0 1 0 0 0 0 1 110904 0 0 1 0 0 0 1 0 0 0 11 25 0 3 0 1 1851 0
0 1 246 0 0 1 0 7 1765 1803 1806 2 0 1 3 1 0 0 0 0 1 316 0 0 2 1 0 0 94 1 0 0 0 1 2 2 1 0 2 6 2459 2462 2478 12 3 0 0 1 2 5 0 18 0 2 3 4 76 79 81 82 83 0 108 1 0 3 2 0 0 0 2 0 0 0 0 0 0 45964 64936 64935 5 1 0 0 0 0 2 4 5 24 0 1 0 0 1847 2
0 64 242 1 0 0 0 5 11 29 1 0 0 0 2 0 0 5 9 11 12 297 1 0 1 0 0 1 10 81 1 0 0 0 1 1 0 1 1 3 4 0 2 2488 1 0 0 0 0 0 0 3 27 28 29 35 2 0 0 0 1 0 0 112 114 7 1 0 0 2 3 1 1 0 1 1 45959 2 0 0 64926 3 1 0 0 0 0 0 4 1 21 0 0 1 1842 2
62 0 171 1 0 0 3 0 10 27 0 0 0 0 0 0 3 2 0 0 1 296 1 0 0 0 2 5 1 1 76 2 0 0 0 0 0 0 2 0 2 0 0 13 2504 2507 2511 0 0 0 0 0 1 2 4 0 0 0 0 0 2 8 0 1 2 127 2 1 0 223 231 0 2 1 3 45947 10 8 0 1 0 64918 3 1 1 0 0 0 2 0 18 1 0 1 1836 0
0 0 170 1 0 0 0 0 8 21 4 3 1 0 0 1 0 0 0 1 2 288 2 1 0 0 0 0 0 0 72 6 5 3 2 1 0 0 0 0 1 0 10 1 0 0 3 2518 0 0 1 0 0 0 0 0 1 2 5 0 0 0 9 10 0 0 132 133 218 0 0 233 237 0 0 45938 0 0 7 0 0 0 64911 4 1 2 0 0 0 0 17 0 0 1 1832 3
2 3 166 4 2 1 1 2 7 20 16 7 1 0 0 0 0 0 0 1 2 284 2 1 0 0 3 5 6 7 64 1 0 0 0 0 0 0 1 3 6 7 8 0 0 1 0 17 2539 0 2 0 0 1 0 1 2 3 13 20 27 28 30 41 55 56 63 64 79 0 0 0 0 238 0 45935 1 0 1 4 0 0 1 64902 5 1 0 0 0 0 15 1 0 5 1825 5
2 3 156 0 0 0 0 1 1 2 1 5 4 1 0 5 11 13 15 19 20 277 2 1 0 0 0 0 0 8 0 43 17 1 1 0 1 0 0 0 1 0 1 0 0 0 14 1 2 2547 0 1 0 2 0 1 5 7 0 4 0 0 3 5 1 0 4 1 3 6 0 3 6 0 45918 13 10 0 0 1 0 0 0 0 64893 5 3 0 3 4 13 0 3 0 1812 1
0 26 49 100 0 0 0 0 0 1 0 4 1 0 2 2 0 0 2 0 1 252 8 6 4 3 0 0 3 2 1 0 21 13 7 5 2 0 0 0 1 0 1 8 9 13 0 0 0 2 2552 2556 5 0 0 1 0 0 1 0 0 2 0 3 0 3 0 2 4 0 0 0 0 45669 7 2 1 8 1 0 0 0 2 3 64886 0 0 1 0 1 4 0 0 1 1808 0
24 0 0 19 98 3 0 0 0 0 0 2 0 1 0 0 0 0 0 1 2 240 0 0 0 0 0 0 0 1 0 2 0 16 2 1 0 0 1 0 2 0 1 0 0 0 0 0 0 0 0 0 2565 1 0 0 0 0 0 0 1 0 1 0 1 0 1 1 1 0 0 0 45657 2 0 3 1 0 5 3 0 0 0 1 64880 1 0 0 0 1 0 0 0 0 1804 10
0 13 17 0 12 80 0 2 0 0 0 0 0 0 0 0 1 3 4 5 6 228 1 0 0 0 0 0 0 0 0 0 1 4 8 0 0 1 4 8 12 0 1 2 3 0 2 0 1 0 0 1 2569 0 0 0 3 5 6 0 0 0 2 0 0 0 0 0 0 0 1 45648 5 3 0 0 1 0 0 0 1 0 0 1 64875 0 0 0 0 0 0 1 2 0 1791 0
12 1 0 10 0 0 77 64 1 2 0 0 0 0 1 1 0 0 0 1 32 225 0 1 0 2 0 2 0 0 0 0 0 2 4 1 0 0 0 1 15 16 0 0 0 10 0 1 0 4 0 0 134 2707 0 0 0 0 0 9 1 0 3 1 0 0 1 3 4 1 45630 14 12 0 2 0 0 0 12 0 0 0 0 40 44 64826 0 2 1 0 0 1 2 7 1788 0
4 0 0 8 0 10 0 0 57 52 4 1 0 0 1 5 8 16 19 29 53 1 134 131 126 121 115 20 15 13 12 7 0 0 1 1 2 3 7 9 10 0 18 21 0 11 0 0 2 0 128 129 2 3 2714 2717 2721 0 0 0 12 0 8 0 0 0 0 0 0 45621 4 1 0 11 0 0 1 8 0 13 0 2 38 0 1 2 64820 3 0 0 0 0 0 0 1778 1
1 0 1 5 1 5 0 0 3 0 42 12 1 0 0 0 4 1 3 4 52 0 1 1 2 1 0 91 1 0 0 1 6 0 0 0 1 2 0 0 8 20 21 0 23 24 104 0 0 120 0 1 0 1 1 0 15 2740 0 0 1 23 0 0 1 1 0 0 45605 7 5 1 0 1 7 0 0 3 0 1 31 37 0 0 0 0 64812 0 0 2 1 0 0 0 1774 9
0 0 4 0 1 1 0 0 1 0 27 0 7 0 0 2 0 2 3 1 51 0 0 0 1 0 0 88 0 1 0 0 0 3 0 0 0 0 0 1 6 0 1 28 29 62 1 109 112 0 0 0 0 0 0 0 13 2 2745 2748 2776 0 1 0 1 4 45577 45581 20 1 0 4 0 0 2 3 2 0 0 1 11 1 0 4 0 0 64810 36 9 7 1 0 1 0 1762 0
0 0 0 0 0 0 1 2 15 19 6 0 1 3 0 0 1 2 0 0 46 0 0 0 0 0 2 6 75 0 0 0 0 1 1 0 0 0 1 2 3 0 1 2 31 0 0 1 0 0 0 5 6 7 8 12 0 0 0 0 2 2783 0 0 3 45570 2 1 0 16 0 0 2 0 0 2 1 0 6 9 0 0 1 0 5 64769 2 0 25 2 1 2 0 0 1759 24
1 0 0 0 0 0 0 4 6 2 1 2 0 0 0 0 1 1 4 9 2 31 28 0 0 0 1 3 3 67 4 1 3 0 0 0 1 0 0 1 2 0 1 29 0 0 0 0 0 1 4 0 0 0 0 0 0 0 0 0 0 73 2858 2860 45561 0 0 1 0 0 14 2 0 1 0 0 0 3 0 0 0 0 0 0 64762 3 1 0 3 17 6 5 0 0 1732 1
4 1 1 2 0 0 2 2 2 1 0 0 0 0 0 0 0 1 0 2 1 1 8 15 0 0 0 1 2 4 56 4 0 0 0 0 2 3 0 1 24 25 26 2 0 0 2 3 0 0 0 0 5 0 0 0 1 0 2 4 71 0 2 42698 0 0 0 0 0 4 5 0 0 0 0 0 0 1 0 1 4 1 0 59046 5707 1 0 0 2 1 7 2 0 0 1728 1
6 0 8 1 0 0 0 0 1 0 0 0 0 1 1 0 0 0 0 0 0 0 7 5 6 5 0 1 1 1 31 18 2 0 0 3 5 10 16 17 18 0 1 0 4 2 0 0 4 2 0 0 0 7 32 34 37 38 60 63 1 0 0 2 42690 1 0 0 0 1 1 1 0 0 0 4 0 0 0 1 0 5 59041 1 5704 0 0 0 1 0 3 0 0 0 1724 0
0 0 0 13 0 0 0 0 0 0 3 0 0 3 3 1 0 0 0 0 1 3 2 0 3 4 0 0 0 0 29 0 12 0 0 0 0 0 0 1 2 3 0 1 9 0 4 0 2 13 0 0 19 20 0 0 1 20 0 0 0 0 1 0 42678 7 3 1 0 0 0 0 0 1 0 5 0 0 0 0 0 59036 0 0 5702 213 212 0 197 196 0 1 0 0 4 1716
