BASIN_DATA/DATA/7339001/morph_soilgrids/soil_class_horizon_04.asc
ncols        384
nrows        512
xllcorner    -72.750000000000
yllcorner    -36.500000000000
cellsize     0.001953125000
NODATA_value -2147483648
[rows 259 to 295 of 512, columns 168 to 251 of 384]
131 132 132 132 131 131 130 129 126 125 125 125 124 124 123 123 125 127 129 131 133 137 141 145 148 149 150 151 152 152 152 152 152 152 153 153 152 152 152 152 152 151 150 149 149 149 149 151 152 153 153 153 153 153 153 152 151 151 151 151 151 151 151 151 152 152 152 152 151 151 151 152 152 152 152 152 152 153 153 153 153 153 153 153
131 132 133 133 132 131 130 128 126 125 125 124 122 122 121 122 123 126 129 131 134 137 141 145 147 148 149 150 151 151 151 151 152 152 152 152 152 152 152 152 151 150 149 149 148 148 149 151 152 153 153 153 154 153 153 152 152 152 152 152 152 152 152 152 152 152 152 152 152 152 152 152 152 152 152 152 152 153 153 153 153 152 152 152
130 132 133 133 132 131 129 127 126 126 125 124 122 121 121 121 123 127 130 133 136 140 143 145 147 148 149 150 150 151 151 151 152 152 152 151 151 151 151 151 151 151 150 150 150 150 150 151 152 152 153 153 153 153 153 153 153 153 153 153 153 153 152 152 152 152 152 152 152 152 152 152 152 152 152 152 152 153 153 153 153 152 152 153
129 131 133 134 133 132 131 129 129 129 127 124 122 120 120 121 123 125 127 133 138 141 144 146 147 149 150 151 151 151 151 151 152 152 151 151 151 151 151 151 152 152 151 151 152 152 152 152 152 152 153 153 153 153 153 153 153 153 153 154 154 154 153 153 153 153 153 152 152 152 152 151 152 152 152 152 152 152 153 153 153 153 153 153
129 130 131 132 132 132 132 132 133 132 128 124 122 121 121 121 121 123 127 134 139 141 143 145 147 149 150 151 151 151 150 150 151 151 151 151 151 151 151 152 152 152 152 152 152 152 152 152 152 152 152 152 152 152 152 152 152 153 153 154 154 154 153 153 153 153 153 152 152 151 150 151 151 151 151 150 151 152 152 153 153 153 153 153
131 130 129 129 129 130 131 132 133 133 129 125 123 122 121 121 123 127 132 136 139 141 143 146 148 150 151 151 150 149 149 149 151 151 151 151 151 151 151 152 152 152 152 152 152 152 152 152 152 152 152 152 152 152 152 152 152 153 153 153 153 153 153 153 153 153 152 151 149 148 148 149 149 149 149 149 150 151 152 152 153 153 154 154
132 130 127 126 126 127 128 130 132 132 130 127 124 122 122 123 128 134 138 140 141 143 146 149 150 151 151 150 148 147 147 148 149 150 150 151 151 151 151 151 151 151 151 152 152 152 152 152 153 153 153 153 153 153 153 153 153 153 153 152 152 152 152 153 153 153 151 149 147 146 146 147 147 147 147 148 149 150 151 152 152 152 152 153
130 128 126 125 125 125 126 127 130 133 134 131 127 125 126 130 136 140 142 142 144 146 149 151 151 151 151 149 148 147 147 147 148 149 150 150 151 150 150 149 149 149 150 151 152 152 153 153 153 153 153 153 153 153 152 152 152 152 152 152 152 152 152 152 152 151 149 147 146 145 145 144 144 144 145 146 147 149 150 151 151 150 150 150
126 125 125 126 126 126 127 128 131 134 136 135 133 133 135 138 141 142 143 144 146 148 150 151 151 152 152 151 151 150 149 148 147 148 150 151 151 151 150 149 148 149 150 151 152 152 153 153 154 154 154 154 153 152 152 152 152 152 151 151 151 151 151 151 151 150 149 147 145 143 142 141 142 143 143 144 146 147 148 148 147 147 147 147
124 124 126 128 129 129 130 131 133 134 136 136 137 139 141 143 143 144 145 146 147 148 151 152 152 152 152 152 152 151 150 149 149 150 151 152 152 151 150 149 148 149 150 152 152 153 153 154 154 155 155 154 153 152 152 152 151 151 151 150 150 150 150 150 149 149 148 145 143 141 140 140 142 145 145 145 145 143 142 142 143 144 145 146
124 125 126 127 129 131 132 132 132 134 137 139 140 142 144 144 144 144 146 148 149 151 152 153 153 152 152 152 152 151 151 150 151 152 152 152 152 151 151 150 150 150 152 153 153 154 154 155 155 155 154 153 151 150 150 150 150 150 149 149 149 149 148 148 147 146 145 143 142 141 140 141 143 145 145 145 144 142 140 140 142 145 146 147
125 126 127 129 131 131 132 133 135 138 141 143 144 146 146 146 147 148 149 150 151 153 153 153 153 152 152 151 151 151 151 152 152 153 153 152 152 152 152 151 151 152 152 153 154 154 155 155 154 151 148 145 143 141 141 142 142 142 143 143 144 143 142 141 142 142 142 141 140 141 140 140 140 139 139 138 138 138 139 142 144 146 147 148
127 128 129 131 132 133 134 135 137 140 144 147 149 149 149 150 150 151 152 152 153 154 154 153 153 152 151 151 151 151 152 153 153 153 153 153 153 152 152 152 151 152 152 153 153 154 155 155 153 150 145 140 137 137 137 137 138 139 141 142 142 138 137 138 140 140 139 138 138 138 138 137 135 133 133 134 135 137 141 145 147 147 147 148
129 130 131 132 133 135 136 137 139 143 147 149 150 150 151 151 152 153 153 154 154 154 154 153 153 152 151 150 150 151 152 153 153 153 153 153 153 152 151 151 151 152 152 152 153 154 155 155 153 150 145 140 138 137 137 137 138 140 142 141 139 136 135 137 138 138 138 137 137 137 136 134 132 132 134 136 137 140 145 148 149 149 148 148
133 135 137 138 139 139 140 142 144 147 149 150 150 151 151 152 153 153 154 154 154 154 153 153 152 152 150 150 150 151 152 153 153 153 153 153 152 151 151 151 152 152 153 153 154 154 154 154 153 150 147 144 143 141 139 138 138 139 139 138 137 135 135 135 135 136 136 137 137 136 136 136 135 136 137 140 143 146 149 150 150 150 149 149
139 142 144 144 144 144 145 148 150 150 150 151 151 150 151 152 153 154 154 154 154 153 152 151 151 151 152 152 152 152 152 153 153 153 152 152 152 151 151 152 153 153 154 154 154 154 154 154 153 152 151 150 148 145 142 141 141 140 138 136 136 135 135 134 135 135 136 137 138 139 141 142 142 142 144 146 148 149 149 150 151 151 150 149
145 146 147 147 147 147 149 151 151 151 151 151 150 150 151 152 153 154 154 154 154 153 152 151 151 152 152 152 152 152 153 153 153 153 152 152 151 150 151 152 153 153 153 154 154 154 153 153 153 153 153 153 151 148 147 146 144 141 138 137 136 136 136 137 139 140 141 142 144 144 146 148 149 150 150 150 149 148 148 148 149 149 148 147
147 148 148 149 150 151 151 151 151 151 151 150 150 150 151 153 153 154 154 154 154 154 153 152 152 152 152 152 152 152 152 153 153 153 152 151 151 151 152 153 153 153 153 153 154 153 153 153 154 154 153 153 153 152 152 149 147 144 141 139 138 138 139 142 146 148 148 149 149 149 149 150 151 152 151 150 148 146 146 146 146 146 145 144
148 148 149 150 151 152 152 151 150 149 149 149 149 150 151 152 153 154 154 155 155 154 154 153 151 150 150 150 151 152 152 153 153 153 153 152 153 153 153 153 153 154 154 154 154 153 153 153 154 153 153 153 153 153 151 149 147 144 142 142 143 143 145 148 151 151 150 150 150 149 148 148 150 151 151 149 148 146 145 145 145 146 146 145
147 149 150 151 151 151 151 149 147 145 145 145 146 148 149 150 152 153 154 155 155 155 154 152 150 148 148 149 150 151 151 152 152 152 152 152 152 152 153 153 153 153 154 154 154 153 152 152 152 153 152 152 152 152 151 149 147 146 146 146 147 148 151 152 152 151 150 149 148 146 145 146 148 149 150 149 148 146 145 145 146 147 148 146
146 149 150 150 150 150 149 147 145 143 142 143 145 147 149 150 152 153 154 154 154 154 153 151 148 147 148 150 151 151 152 151 151 151 152 152 152 152 152 152 153 153 153 153 153 152 151 151 152 152 152 152 152 152 152 151 149 148 149 149 150 152 153 153 152 150 148 147 145 143 142 143 144 146 147 147 147 145 145 146 147 149 149 148
148 149 149 149 149 149 148 146 144 143 142 143 145 147 149 150 152 152 153 154 154 154 153 151 149 148 149 150 150 151 152 151 151 151 151 152 152 152 152 153 153 153 153 152 152 152 152 152 152 152 152 152 152 152 152 151 151 151 151 151 152 152 152 153 152 150 147 145 143 142 140 139 140 141 143 144 145 145 146 147 148 149 149 148
149 148 147 146 146 146 145 143 142 142 143 145 146 148 149 150 151 152 153 153 154 154 154 152 151 150 149 149 149 150 151 152 151 151 151 152 152 153 153 153 153 153 152 152 151 152 152 152 152 152 152 152 152 152 152 151 151 151 151 152 152 152 152 153 152 149 145 142 141 139 138 137 138 139 141 143 145 147 147 147 148 149 149 149
146 144 143 143 144 143 141 139 139 142 145 147 148 150 150 151 152 152 152 153 154 154 155 154 154 153 152 151 151 151 152 152 152 151 151 152 153 154 154 154 153 153 152 152 152 152 152 151 151 151 152 152 153 152 151 150 150 151 151 152 152 152 153 152 150 146 142 139 138 136 136 136 138 140 142 144 146 148 148 148 149 150 150 149
143 142 142 143 144 143 141 140 140 143 146 148 149 150 151 151 151 151 152 153 154 155 155 155 155 155 154 154 153 153 153 152 152 152 152 153 153 153 153 153 153 153 153 153 152 152 151 151 152 152 153 153 152 151 150 150 150 151 152 153 153 153 152 151 149 145 142 139 138 137 137 138 140 141 143 145 147 148 149 149 150 150 150 150
143 143 144 145 146 144 143 142 142 144 146 148 150 150 151 151 151 151 151 152 153 154 155 155 155 155 154 154 153 153 153 152 152 152 153 153 153 153 153 152 152 153 153 153 152 152 152 153 153 153 153 152 150 149 149 150 151 151 152 153 153 153 152 151 150 148 146 144 142 140 140 141 141 142 143 144 146 148 149 149 149 149 150 150
146 146 147 148 149 147 146 146 146 148 149 150 151 151 151 152 152 151 151 152 153 154 154 155 154 154 154 153 153 152 152 152 152 152 152 152 152 152 152 152 152 152 153 153 153 153 153 153 153 153 152 150 148 147 148 149 150 151 152 152 153 152 152 151 150 149 147 145 143 141 140 140 140 141 142 144 146 148 149 149 149 149 149 149
149 149 150 151 151 150 150 150 150 151 152 152 152 152 152 152 152 152 151 152 152 153 154 154 153 153 152 152 152 152 151 151 151 151 151 152 152 152 152 152 152 152 152 152 152 153 153 153 152 152 151 150 148 146 147 147 149 151 151 151 150 150 149 148 147 146 146 144 141 139 139 139 140 141 143 145 147 148 149 149 149 149 149 149
151 151 151 152 152 152 151 151 152 152 152 152 152 152 152 152 152 151 151 152 152 153 153 153 152 152 151 151 151 151 151 151 151 151 151 151 152 152 152 152 152 152 152 152 152 152 152 152 152 151 150 150 149 148 147 148 149 150 148 146 145 145 144 143 143 144 145 143 141 139 139 139 140 142 144 146 148 148 149 149 149 149 149 149
151 151 151 151 151 151 151 151 151 152 152 152 152 151 151 151 151 151 151 151 152 152 152 152 152 151 151 151 151 151 151 151 151 151 151 152 152 152 152 152 152 152 152 152 152 152 152 152 152 151 150 150 149 149 148 149 149 147 144 141 142 142 142 142 143 145 145 142 141 140 141 141 142 144 146 147 148 148 148 148 149 149 149 149
151 150 150 150 150 150 150 151 151 152 152 152 151 150 149 149 150 149 150 150 150 151 151 151 150 150 150 151 151 151 151 151 151 151 151 152 152 152 152 152 152 152 152 152 152 152 152 152 151 151 150 149 149 149 149 149 147 145 142 141 142 144 144 145 146 146 144 141 141 143 144 145 147 148 148 148 148 148 148 148 149 149 149 149
150 150 150 149 149 148 149 149 150 150 151 151 150 149 148 148 148 148 148 148 149 150 150 150 150 150 150 151 152 152 152 151 151 151 151 152 152 152 151 151 151 151 151 151 151 151 150 150 150 149 149 149 149 149 149 149 148 146 145 144 145 147 148 148 148 148 145 143 143 145 147 148 149 149 149 149 149 148 148 149 149 149 149 149
150 150 149 148 147 146 146 147 148 149 149 149 148 148 147 148 148 147 147 147 148 149 150 150 151 151 151 151 152 152 152 151 151 151 151 151 151 151 151 151 150 150 149 149 149 149 149 149 148 148 148 148 149 149 149 149 149 148 147 146 146 148 149 149 150 150 148 146 146 146 147 149 150 150 150 149 149 149 149 149 149 149 149 149
150 149 148 147 145 144 144 144 146 147 147 147 147 147 148 148 148 147 146 146 147 148 149 150 151 151 151 151 150 149 149 149 150 150 151 152 152 151 151 151 150 150 149 149 148 148 147 147 147 147 147 147 148 149 149 149 150 149 148 146 146 148 149 149 149 150 150 149 148 148 148 150 150 150 150 150 150 149 149 149 149 149 149 149
149 149 148 146 144 143 143 143 144 144 144 145 146 147 147 147 146 146 145 146 147 148 149 150 150 151 150 148 146 145 144 145 147 149 151 152 152 151 151 151 150 149 149 148 148 147 146 146 146 146 146 146 147 148 148 149 149 149 148 147 147 147 148 149 149 149 150 150 149 149 150 151 151 151 150 150 150 150 150 150 150 149 149 149
149 148 148 147 145 144 142 142 141 142 143 144 144 145 145 145 144 144 144 145 146 147 147 148 149 149 147 145 143 142 141 142 144 147 150 151 150 150 150 149 149 148 148 147 147 146 145 144 144 144 145 146 146 146 147 147 148 149 148 147 146 147 148 149 148 148 149 149 150 150 151 151 151 151 151 150 150 150 150 150 150 149 149 149
148 148 147 147 145 142 140 139 139 140 141 141 141 141 141 142 143 143 143 143 144 145 146 147 148 147 146 144 142 140 139 139 142 145 148 148 148 147 147 147 147 147 147 146 145 144 143 142 142 142 143 144 145 145 146 147 148 148 147 145 145 147 148 148 148 148 148 149 150 151 151 152 151 151 151 151 150 150 150 150 149 149 149 149
