BASIN_DATA/DATA/7339001/morph_soilgrids/soil_class_horizon_06.asc
ncols        384
nrows        512
xllcorner    -72.750000000000
yllcorner    -36.500000000000
cellsize     0.001953125000
NODATA_value -2147483648
[rows 111 to 147 of 512, columns 252 to 335 of 384]
134 135 136 135 135 134 133 132 132 131 132 132 129 126 123 122 121 121 121 120 120 120 121 121 121 122 122 123 124 126 127 128 128 128 130 133 136 138 138 136 134 133 133 134 134 134 135 136 137 139 141 142 143 144 144 144 145 147 147 148 148 148 148 149 150 150 151 151 151 152 152 152 152 151 151 151 151 152 152 153 153 153 153 153
135 136 137 136 135 134 133 132 132 132 132 131 130 127 125 123 122 121 121 120 120 120 120 120 121 121 121 122 123 125 127 128 129 129 131 134 136 137 137 136 134 134 134 135 135 135 136 137 138 139 140 140 141 142 143 144 146 146 147 147 147 148 148 149 149 150 150 151 151 151 152 152 151 150 150 151 151 152 153 154 154 155 154 154
135 136 136 135 134 133 133 133 133 133 132 131 130 128 126 124 123 122 121 120 120 119 119 119 120 120 121 121 122 123 125 126 128 129 130 130 131 132 135 135 135 135 136 136 137 137 138 138 139 139 140 140 140 141 142 144 146 146 147 147 147 147 147 148 149 149 150 150 151 151 151 151 151 150 151 151 152 153 154 155 155 155 155 154
135 135 134 134 134 133 133 133 132 132 131 129 128 127 126 124 123 122 122 121 121 120 120 120 120 120 121 121 122 123 125 126 128 128 128 128 129 132 134 135 136 136 136 136 137 137 138 138 139 140 140 140 140 140 142 144 146 147 147 147 146 147 147 148 149 149 150 150 150 150 151 151 150 150 151 152 152 153 154 155 155 155 155 154
134 133 132 132 132 132 132 131 130 129 128 127 127 126 125 124 123 122 122 122 122 121 121 121 121 121 121 121 123 124 126 127 128 127 127 128 130 132 134 135 135 135 136 137 137 138 138 139 139 140 140 140 140 141 142 144 146 146 146 146 146 146 147 148 149 149 149 149 150 150 150 151 151 152 152 152 152 153 154 154 154 154 155 155
133 132 132 132 131 131 130 130 129 128 127 127 127 126 126 125 123 123 122 122 122 122 122 121 121 121 122 122 124 125 127 127 126 126 127 129 131 132 133 134 135 136 137 138 138 138 137 137 138 139 139 140 140 141 143 144 145 145 145 146 146 145 146 148 149 149 149 149 150 150 150 151 152 152 152 152 152 153 153 153 153 154 154 155
133 133 133 132 131 131 130 129 128 128 128 127 127 127 126 126 125 124 124 123 123 123 123 123 123 124 125 125 126 126 126 125 125 126 128 130 131 132 134 135 136 137 137 137 137 137 137 137 137 138 139 139 140 141 142 143 143 144 144 145 145 145 147 148 149 149 149 150 150 150 150 151 151 151 151 151 152 152 152 152 153 154 154 155
133 133 133 132 132 131 130 130 129 129 128 128 128 128 127 127 126 126 125 125 125 125 125 125 126 128 129 128 127 127 126 126 126 127 128 131 132 134 135 136 137 137 137 137 138 138 138 137 137 137 137 138 138 139 140 141 142 142 142 143 143 145 147 147 148 148 149 149 149 149 150 150 150 151 151 151 151 151 151 152 152 153 154 154
132 132 131 131 131 131 131 131 130 130 130 130 129 128 127 127 127 127 127 127 127 128 127 127 128 129 130 130 129 128 127 127 127 128 130 133 134 135 136 138 138 137 137 138 138 138 138 137 137 137 137 137 138 139 140 141 141 141 141 142 143 145 146 146 147 147 147 148 148 149 149 150 150 150 151 151 151 151 151 151 152 153 153 154
132 132 132 132 132 132 132 132 131 132 132 132 130 129 129 129 129 129 129 129 129 129 129 129 129 130 131 132 131 130 130 130 131 133 134 134 135 137 138 139 139 140 139 138 137 137 137 137 137 136 135 135 138 140 141 141 141 141 141 142 144 146 147 147 148 148 148 149 149 149 150 151 151 151 151 151 151 151 151 151 152 153 153 154
132 132 132 132 132 132 132 132 132 133 134 134 134 135 134 134 134 134 133 133 133 133 133 132 132 132 133 133 132 131 130 132 135 137 137 137 138 139 141 141 141 141 141 139 138 137 137 137 136 135 134 134 135 137 138 139 140 141 143 144 145 146 148 149 149 150 151 151 151 151 152 152 152 151 151 152 152 152 152 152 153 153 154 154
132 132 132 132 132 132 132 132 132 133 134 135 136 136 137 137 136 136 135 135 135 134 134 133 133 134 134 133 132 131 132 135 138 139 138 138 139 141 142 142 142 142 141 140 138 137 137 137 136 135 134 134 135 136 138 139 140 142 144 144 145 146 147 149 150 150 151 151 152 152 152 152 152 151 151 152 152 152 153 153 153 154 154 155
133 133 133 133 132 132 133 133 132 133 134 134 135 136 137 137 138 137 136 135 135 135 134 135 135 135 135 135 134 135 136 138 139 139 139 139 140 142 143 144 144 144 143 141 140 139 139 139 138 137 137 137 138 139 140 141 142 144 144 145 146 146 147 149 150 151 152 152 152 152 153 152 152 151 151 152 152 152 153 153 153 154 154 155
135 135 135 134 134 134 134 134 134 134 134 134 135 136 137 138 139 137 137 137 137 136 137 137 137 136 136 137 138 139 139 139 140 140 141 142 143 145 146 146 146 145 145 144 142 142 142 142 142 142 141 141 142 142 142 142 144 145 145 145 145 146 147 149 151 152 152 152 152 152 152 152 151 151 151 151 152 152 152 152 152 153 153 154
136 137 136 136 136 135 135 134 134 134 134 134 135 136 137 138 138 138 138 138 138 138 138 138 138 137 137 137 138 139 139 140 141 141 143 144 145 147 146 145 145 146 145 145 144 143 143 145 146 145 145 144 143 142 142 143 145 145 145 144 144 145 146 148 151 152 153 152 152 152 151 151 151 150 150 150 150 150 150 151 152 152 152 153
137 137 137 136 136 135 134 134 134 134 133 133 134 135 136 137 139 139 139 138 138 138 139 139 138 138 138 138 139 139 140 141 141 142 143 143 145 145 144 143 144 144 144 144 143 143 145 147 147 147 146 145 143 142 142 143 144 145 145 144 143 144 145 147 150 152 152 152 151 151 151 152 151 149 148 148 149 149 150 150 151 151 152 152
139 138 137 136 135 135 134 134 134 133 133 133 134 135 136 137 139 139 139 138 137 137 139 139 139 140 140 140 139 140 141 141 142 142 143 143 144 144 143 143 143 142 142 143 144 145 146 147 147 147 146 145 144 143 143 143 144 145 144 143 143 144 146 148 151 152 151 151 150 151 152 151 150 148 147 148 148 148 148 149 150 150 151 152
139 138 137 136 135 135 134 135 134 133 133 133 134 134 135 136 138 138 138 137 137 138 140 141 141 141 140 139 139 140 141 141 142 143 144 144 144 143 142 141 140 140 141 143 145 146 146 147 148 150 150 149 147 145 144 144 145 145 145 144 143 144 145 147 149 150 151 151 151 151 150 150 148 147 147 147 147 146 147 147 148 149 150 151
136 136 136 135 134 134 135 135 135 133 132 132 133 134 135 136 136 137 137 137 137 138 141 142 142 141 140 139 139 140 141 142 143 144 145 145 143 141 140 140 140 140 142 145 147 147 148 149 151 153 153 151 148 145 143 143 144 144 143 142 142 143 144 145 147 149 151 151 150 150 149 148 148 147 147 146 146 146 146 146 146 147 149 150
135 135 134 134 134 134 134 134 133 132 132 133 133 134 135 136 136 136 137 137 138 139 140 142 142 142 141 140 140 141 142 143 145 146 146 146 144 142 142 141 142 143 146 148 149 150 151 152 153 153 152 150 147 143 142 142 143 142 142 142 142 143 143 144 147 149 150 150 150 150 149 149 149 149 148 146 145 145 145 145 146 147 148 150
134 133 133 133 134 134 134 133 131 131 132 133 134 135 136 136 136 136 137 138 139 140 141 142 143 143 142 142 143 144 145 146 147 147 147 147 146 146 146 146 146 147 149 150 151 152 153 153 153 152 151 148 145 143 143 144 144 143 143 143 143 143 144 145 147 148 149 149 150 150 150 150 150 148 147 145 145 145 145 146 147 148 149 150
133 133 133 134 134 134 134 133 132 132 133 134 134 135 136 136 136 136 138 139 140 142 143 144 144 143 143 143 145 146 147 148 148 149 149 149 149 149 149 149 149 149 150 151 152 153 153 153 152 151 150 147 145 144 144 145 145 144 144 144 144 145 146 147 148 148 148 148 149 149 149 148 147 146 144 144 144 144 145 147 148 149 149 150
133 133 133 134 134 134 133 133 133 133 133 134 134 135 136 136 137 137 137 138 140 143 145 145 145 145 144 144 145 148 149 150 150 151 151 151 151 151 151 151 152 152 151 151 151 152 152 151 151 150 149 147 145 145 145 146 145 145 144 145 146 147 148 149 149 149 148 147 147 147 146 145 144 144 143 142 143 143 144 146 147 148 149 150
133 133 134 134 134 134 133 133 133 133 133 134 135 135 136 137 137 137 137 137 140 143 145 147 147 146 145 145 146 149 151 152 151 152 152 152 153 153 154 154 154 153 152 151 151 151 150 150 149 148 147 146 145 146 146 146 146 144 143 144 146 146 147 149 150 149 147 145 144 145 145 144 143 142 142 142 143 144 145 145 146 148 149 150
133 133 134 134 134 134 134 133 133 133 134 135 136 136 137 138 138 137 137 138 140 144 147 148 148 147 146 146 148 150 151 151 151 151 152 153 153 154 154 155 154 153 152 151 150 149 149 148 148 147 146 145 145 146 146 146 145 143 142 142 143 143 144 145 147 147 145 143 142 144 145 144 143 142 142 143 145 146 146 146 147 148 149 149
133 133 133 134 134 134 134 134 134 134 135 135 136 137 137 137 137 137 137 138 140 143 146 147 148 148 148 148 149 150 150 151 151 152 153 153 153 153 154 154 154 153 151 149 148 147 147 146 146 145 145 144 144 144 144 144 142 141 140 139 139 139 140 141 143 143 141 140 140 141 143 142 141 140 141 142 143 144 144 145 145 146 147 148
132 132 133 134 134 134 134 134 134 134 135 135 136 136 136 136 136 137 137 137 138 141 144 146 148 150 150 149 149 150 150 151 152 153 152 152 152 153 154 154 154 153 151 149 146 144 144 144 145 144 143 142 142 143 143 141 139 138 137 137 137 137 137 138 138 138 137 137 137 138 138 138 137 137 137 137 139 140 142 144 144 145 145 145
131 131 132 133 133 134 134 134 134 135 135 135 135 135 136 136 137 137 137 137 138 140 144 147 149 150 150 150 149 149 150 151 153 153 153 152 152 153 153 154 154 154 152 149 145 142 142 143 144 143 142 141 141 141 141 140 138 136 136 136 136 136 136 137 137 136 136 135 136 136 136 135 135 134 134 135 137 139 142 144 144 144 143 144
130 130 131 131 133 133 134 134 135 135 135 135 135 136 136 137 137 137 137 137 139 142 146 148 150 150 151 150 149 149 149 151 153 154 153 153 153 153 152 153 153 153 151 148 145 142 141 142 142 142 141 140 140 140 140 139 138 136 136 135 136 136 136 136 136 136 135 135 136 136 135 135 134 134 134 135 136 139 141 142 142 142 142 143
129 130 130 131 133 134 134 135 135 136 135 135 136 136 137 137 137 137 137 138 139 143 146 148 150 150 150 149 148 148 149 151 153 153 153 153 152 151 150 151 151 150 149 147 145 143 142 141 141 141 140 140 139 139 139 139 137 136 136 136 136 137 137 136 136 136 136 136 137 138 138 137 137 136 135 136 136 138 140 140 141 141 142 143
129 130 131 133 134 135 135 136 136 136 135 135 136 136 137 137 137 137 138 138 140 142 144 146 147 148 148 147 146 146 148 150 151 152 153 153 152 151 150 150 149 149 148 148 148 146 144 142 141 141 140 139 138 138 138 138 137 137 137 137 137 137 137 136 136 136 137 139 141 142 141 140 139 139 138 138 138 138 139 139 140 141 142 143
129 130 132 134 135 135 136 136 136 136 135 135 136 137 137 137 138 138 139 140 141 142 143 144 146 146 146 146 145 145 147 148 149 150 152 152 152 151 150 149 148 147 147 148 149 148 147 144 142 141 140 139 138 137 137 137 137 138 138 138 137 137 137 136 137 137 139 142 144 144 143 142 143 142 140 139 139 138 139 140 141 143 144 145
129 131 133 134 135 135 136 136 136 136 135 135 135 137 137 138 139 140 141 141 141 142 143 144 146 146 146 146 146 147 148 149 149 150 151 152 151 151 149 148 146 146 147 148 149 149 148 145 143 142 141 139 138 137 136 137 137 138 138 138 138 137 137 137 137 138 140 142 143 144 144 145 145 144 142 140 139 139 140 141 144 145 147 148
131 132 133 134 134 134 135 136 136 136 135 135 136 137 138 139 140 141 142 142 142 143 144 146 146 146 146 147 147 148 149 149 150 150 151 150 150 148 147 146 145 145 146 147 149 148 146 144 143 142 141 139 138 137 137 137 137 137 137 138 138 138 137 137 137 138 139 140 143 144 146 147 147 146 144 143 142 141 141 143 145 147 148 149
132 132 133 133 133 134 135 136 135 135 135 136 137 138 139 140 142 144 144 144 144 145 146 147 147 147 148 148 149 150 150 150 150 150 150 149 147 145 144 144 144 144 145 145 145 145 143 143 143 143 141 140 139 139 138 137 137 137 137 137 138 138 137 137 137 137 138 140 142 145 147 148 148 148 147 146 145 144 143 145 146 148 149 150
132 133 134 134 134 134 135 136 136 136 136 136 137 138 139 140 143 144 145 145 145 146 147 148 149 150 150 151 151 152 152 151 150 150 149 146 144 143 143 143 143 143 143 143 143 142 142 142 144 144 143 142 141 141 140 139 138 138 137 137 138 138 137 137 137 137 138 139 141 144 146 148 149 149 149 148 147 146 146 147 148 149 149 149
132 133 133 133 134 135 136 138 138 138 136 137 137 138 138 139 141 142 143 144 144 146 147 148 149 150 151 151 152 152 152 152 151 150 148 145 144 143 143 144 144 145 145 144 144 143 143 144 145 145 145 144 143 141 140 140 139 139 138 138 138 138 137 137 137 137 138 139 140 143 146 149 150 151 150 150 148 147 147 148 149 149 149 149
