BASIN_DATA/DATA/7339001/morph_soilgrids/soil_class_horizon_04.asc
ncols        384
nrows        512
xllcorner    -72.750000000000
yllcorner    -36.500000000000
cellsize     0.001953125000
NODATA_value -2147483648
[rows 333 to 369 of 512, columns 84 to 167 of 384]
122 121 121 120 120 119 119 118 118 118 117 116 116 117 117 117 117 116 115 114 115 115 116 117 119 121 122 122 121 120 121 122 124 125 126 127 128 128 129 130 130 129 128 127 127 128 127 127 128 128 127 127 127 128 130 129 128 129 132 133 134 134 134 133 132 132 130 129 128 128 129 130 133 134 134 132 129 129 130 132 134 136 136 136
123 122 121 120 120 119 119 119 118 117 116 116 116 115 115 116 116 115 114 114 115 115 116 117 119 122 123 122 122 122 122 123 125 126 128 129 130 130 130 130 129 128 128 128 128 128 128 129 129 129 128 127 127 129 131 132 133 134 135 134 134 134 134 135 133 131 130 129 128 128 128 130 132 133 132 131 130 131 133 135 136 136 137 137
123 122 122 121 121 120 120 119 118 117 116 116 115 115 116 116 116 116 115 116 116 117 117 117 119 121 122 122 122 122 123 125 126 127 128 129 130 130 130 129 128 127 127 127 128 128 128 128 128 128 128 128 128 131 134 136 137 136 135 134 133 134 135 135 133 131 130 129 128 128 128 129 130 131 131 131 131 132 134 135 136 137 137 138
122 122 122 121 121 121 120 119 119 118 116 115 115 115 117 118 118 118 118 119 119 119 119 118 119 120 121 121 122 122 123 124 127 127 128 128 129 129 130 130 129 128 128 128 128 129 128 128 129 130 130 130 131 132 133 134 134 133 132 132 133 134 135 134 132 130 129 130 131 130 129 130 131 132 134 135 136 136 137 138 138 138 138 138
122 122 121 121 121 121 120 119 118 116 115 114 114 115 116 117 118 119 119 119 120 120 120 119 119 120 120 120 120 120 120 122 125 127 128 128 129 131 132 132 132 131 130 129 129 129 130 131 131 132 132 132 131 130 129 128 128 128 128 130 131 132 133 132 131 130 131 133 135 134 134 133 134 136 139 141 142 142 141 141 141 141 140 140
121 121 121 122 122 121 120 119 118 116 115 113 112 113 115 116 117 118 118 118 119 120 119 119 119 120 120 119 118 118 119 121 124 126 128 129 132 133 134 135 134 133 131 130 130 131 133 133 133 133 133 132 130 127 125 125 125 126 127 128 128 129 131 131 131 132 133 135 137 138 137 135 135 137 140 142 143 143 143 143 143 142 141 140
122 122 122 122 123 123 122 120 118 117 115 113 113 113 115 116 117 117 117 117 118 118 118 119 120 122 123 122 121 120 120 121 123 126 128 131 133 133 134 135 134 132 130 130 130 132 134 134 134 133 132 130 127 125 124 125 126 127 128 128 128 129 131 132 132 132 132 134 136 137 136 135 135 137 139 142 143 143 142 142 141 141 140 141
122 122 122 123 124 123 122 120 117 116 115 114 114 115 116 117 117 117 116 116 116 116 117 117 119 123 126 127 126 123 121 121 123 126 129 130 130 130 131 133 133 132 130 130 131 133 134 134 133 130 129 128 126 125 124 125 126 127 127 127 128 130 132 132 131 131 131 132 133 134 135 135 137 139 141 143 144 143 142 141 140 139 139 140
122 122 123 123 123 123 122 119 117 116 116 115 116 117 118 118 118 117 116 116 116 116 117 118 120 124 127 128 127 124 123 124 126 128 130 130 130 129 130 131 132 132 132 131 132 133 134 133 131 128 126 127 127 127 126 127 128 128 127 127 128 131 131 131 131 131 132 132 133 134 135 136 138 140 141 142 142 141 141 141 140 139 139 140
122 122 123 123 123 123 122 121 120 118 117 117 117 118 119 119 119 118 117 116 117 117 118 119 121 124 127 128 127 126 125 126 127 128 129 129 129 128 128 129 131 132 131 131 132 134 133 131 128 125 125 127 129 129 129 130 129 128 127 126 128 130 131 131 132 132 132 133 133 134 135 137 138 139 139 139 139 139 138 138 137 137 136 136
122 123 123 123 123 122 122 122 122 120 120 120 120 120 120 120 119 119 118 118 119 119 119 120 122 124 125 125 125 124 124 124 125 125 126 126 125 124 125 127 129 130 130 130 133 133 131 128 127 126 126 128 129 129 130 130 129 127 126 127 128 130 131 132 132 133 134 134 134 135 135 136 136 137 137 137 136 135 134 133 133 132 132 132
122 123 123 123 122 122 123 123 123 123 123 123 123 122 121 120 120 120 120 120 120 120 120 121 122 123 123 123 123 122 121 122 123 125 126 125 124 124 126 128 129 129 128 130 132 133 131 128 126 126 126 127 128 128 129 129 127 127 127 129 130 131 132 133 133 133 133 132 132 133 134 134 135 135 135 135 134 132 132 131 131 131 131 132
121 122 122 122 121 122 123 123 124 125 126 126 125 124 122 121 121 121 121 121 121 122 122 123 123 123 123 122 121 121 120 121 123 126 126 125 125 127 129 130 130 129 129 131 133 132 129 126 125 124 125 125 126 127 128 128 126 127 129 131 132 131 131 130 130 129 129 128 129 130 131 132 132 132 133 132 132 132 132 132 132 132 132 134
120 120 120 120 121 122 123 123 124 125 126 127 127 125 124 123 123 122 122 122 124 123 123 124 124 124 123 122 121 120 119 120 121 122 122 122 123 126 128 129 130 130 131 133 133 131 128 126 125 125 124 124 124 126 126 126 126 128 130 130 129 127 127 126 125 125 125 125 126 128 129 129 129 129 130 130 131 131 131 132 133 133 133 135
119 119 119 120 121 123 123 123 123 124 125 127 127 126 125 124 123 124 124 125 125 124 123 124 125 125 123 122 121 120 119 119 118 118 118 118 120 122 124 126 129 130 131 132 131 130 128 127 125 124 123 122 123 124 124 124 126 128 129 127 124 124 124 123 123 124 124 125 126 127 128 128 129 129 129 130 130 130 131 132 132 132 133 135
119 120 120 120 121 122 122 123 123 124 125 126 126 125 124 124 125 126 127 127 126 125 124 124 125 125 123 122 121 120 119 118 117 116 116 116 117 118 119 122 125 128 129 129 129 129 128 127 126 124 122 121 123 124 124 124 125 126 125 124 123 123 123 124 124 123 123 124 125 127 128 129 130 131 130 130 131 131 131 131 131 132 133 134
120 120 120 120 120 120 121 122 122 123 124 125 126 126 126 126 127 128 129 129 128 127 126 125 125 125 123 122 121 120 118 117 116 116 116 115 115 115 115 117 121 124 126 126 127 127 127 127 125 123 122 123 124 125 125 124 124 123 123 123 123 123 123 123 123 123 123 123 124 126 127 128 130 131 131 130 130 130 130 130 130 131 131 132
118 119 119 118 118 119 120 120 121 122 124 126 128 129 129 129 128 129 129 130 130 129 127 125 125 126 125 123 122 120 118 117 117 117 116 115 114 113 113 114 117 120 122 123 124 125 126 126 124 123 124 125 126 126 125 124 123 123 123 123 123 123 123 123 123 122 122 123 124 125 126 127 128 129 129 128 128 128 128 129 129 129 130 130
117 116 116 116 116 117 118 119 120 122 125 127 129 131 131 130 130 130 130 131 130 129 127 126 127 128 127 126 124 121 119 119 119 118 116 114 113 112 112 112 113 115 118 121 123 124 125 125 125 126 127 128 128 129 128 126 124 123 123 123 123 123 123 123 122 122 122 123 124 124 125 125 126 126 126 126 126 126 127 128 128 128 129 129
116 115 115 115 116 117 118 118 120 122 126 128 130 132 132 131 130 131 131 131 129 128 127 127 128 128 128 127 125 122 121 121 120 118 116 114 113 113 112 112 113 114 117 121 123 124 125 126 128 128 128 128 129 130 129 127 125 123 123 123 123 123 122 122 122 122 122 123 124 124 124 124 125 125 125 125 126 126 127 127 127 128 128 128
116 115 115 115 116 117 118 118 119 122 126 129 131 132 132 132 131 131 131 131 130 128 128 128 129 129 128 127 125 123 122 121 120 118 116 114 113 113 113 114 114 116 118 122 124 125 127 129 130 130 130 129 129 130 130 127 124 123 122 122 122 122 122 122 122 122 123 123 124 124 124 124 125 125 124 125 126 126 126 126 126 126 126 126
116 116 117 117 118 118 119 119 121 125 130 132 133 134 134 133 132 131 130 129 128 128 128 129 130 130 129 129 128 125 123 122 121 118 116 115 114 114 114 114 114 115 117 120 122 125 127 130 131 132 131 131 130 130 129 127 124 123 122 122 121 121 121 122 122 122 123 123 124 124 124 124 124 124 124 124 125 125 125 125 125 125 125 125
116 117 118 119 120 120 121 122 126 130 133 135 136 136 135 134 133 131 129 128 127 127 128 129 130 130 130 131 130 128 125 123 120 118 117 116 115 114 114 114 115 115 117 119 121 124 127 129 130 131 132 132 132 131 130 129 126 124 123 122 121 121 121 121 121 121 122 123 123 124 123 123 124 123 123 123 123 123 123 124 124 124 124 125
118 119 120 121 121 122 123 126 129 132 133 135 135 135 135 133 132 130 129 127 126 126 126 127 128 129 131 131 130 129 126 123 120 117 116 116 115 115 115 115 116 116 118 119 122 125 126 126 127 129 132 132 132 133 132 131 128 126 123 122 121 121 121 120 120 121 121 122 123 123 123 123 123 122 121 121 121 121 122 123 124 124 125 125
120 121 122 123 123 124 125 127 129 131 132 133 133 132 132 131 130 128 127 126 125 125 125 125 126 128 129 130 130 129 127 124 121 119 118 117 117 117 117 118 118 118 118 119 121 123 123 122 124 127 129 130 130 132 132 129 127 124 121 121 122 122 121 121 121 121 121 122 123 122 122 122 122 121 120 120 120 121 121 123 124 125 126 126
121 122 123 124 124 124 125 127 129 130 131 130 129 129 130 129 127 125 125 125 126 126 125 125 125 127 130 130 130 129 128 127 124 121 120 120 121 122 121 121 120 120 119 119 119 120 121 121 122 124 125 125 127 129 128 125 123 120 120 121 122 122 121 121 121 121 121 122 122 122 122 121 120 119 119 119 120 120 121 121 123 125 126 125
122 123 123 124 123 124 126 128 129 130 130 129 129 130 129 127 125 124 124 125 126 126 125 124 125 128 130 129 127 127 128 128 125 123 122 124 126 125 124 123 122 122 121 121 120 120 121 121 122 123 124 124 126 127 126 122 120 119 119 120 121 121 121 120 120 121 122 122 122 122 121 119 118 117 117 119 119 119 119 119 121 123 125 125
123 124 124 124 124 125 127 129 129 129 129 130 131 130 128 126 124 123 123 124 125 126 126 125 125 126 127 126 126 127 127 127 125 124 124 126 127 126 125 125 125 126 125 124 123 122 122 123 125 126 125 126 127 126 123 119 118 118 119 120 121 121 121 121 122 123 124 123 122 121 120 120 119 120 121 122 121 120 119 119 121 123 124 124
123 124 125 126 126 127 128 128 127 126 128 130 130 129 128 125 124 123 123 123 124 125 125 125 125 125 125 125 126 126 126 126 126 126 125 126 126 127 128 130 131 130 129 127 125 124 125 127 128 128 128 128 127 124 121 119 118 117 118 119 121 122 123 124 124 124 125 123 122 122 122 122 123 124 125 126 124 121 120 120 121 122 122 121
123 124 125 126 126 127 128 127 126 127 129 130 130 129 127 125 124 123 123 124 124 124 124 125 125 124 123 124 124 125 126 127 128 127 126 127 128 129 131 133 133 131 130 128 126 126 126 128 129 129 128 127 125 124 122 120 118 117 117 118 118 119 121 122 123 124 123 122 122 122 123 123 124 126 127 127 126 124 124 124 124 123 121 120
124 125 127 128 127 127 127 127 127 129 131 132 132 131 129 127 125 125 125 124 123 123 123 124 124 122 122 123 124 126 128 129 129 127 127 129 131 132 133 133 133 132 132 131 128 127 128 130 131 130 128 125 124 123 122 120 117 116 115 115 116 117 118 119 120 121 122 123 123 123 122 122 123 124 125 125 125 125 126 127 128 126 123 121
124 127 129 128 127 126 127 127 128 130 133 134 135 134 132 129 128 127 126 124 123 123 123 124 123 122 122 123 125 126 128 128 127 127 128 130 132 133 133 132 132 133 134 133 132 131 132 134 134 132 128 124 122 122 120 118 116 115 115 115 115 116 116 118 120 122 124 125 123 122 121 121 121 122 122 123 124 125 128 130 130 127 125 123
126 127 129 129 128 127 128 130 131 132 134 135 136 135 133 130 128 127 125 124 123 123 124 124 123 122 122 123 125 126 125 126 127 128 129 131 133 132 131 130 130 132 134 134 134 134 134 134 134 132 129 126 124 123 120 119 118 117 116 116 116 116 117 119 122 124 124 124 123 122 121 120 120 120 121 123 124 126 129 129 129 127 126 125
127 128 129 129 130 131 132 133 133 134 134 135 135 135 133 131 128 126 124 123 123 124 124 124 124 123 123 124 126 126 126 127 128 130 132 133 132 130 127 126 128 131 133 134 134 134 133 132 133 134 133 130 128 125 123 121 120 118 117 117 116 116 117 119 121 122 123 123 123 122 120 119 119 120 122 123 124 125 127 128 129 129 127 126
128 128 129 131 133 134 133 133 134 135 136 136 136 136 135 133 131 128 125 123 123 125 126 126 125 124 125 126 127 128 129 129 130 131 132 131 129 127 126 126 129 131 133 133 133 132 130 130 131 133 133 133 131 128 125 123 120 119 118 117 117 118 119 120 121 122 122 121 120 119 119 118 119 120 120 119 120 123 126 128 129 129 127 126
128 129 131 134 135 135 134 134 135 136 137 137 138 138 137 135 132 129 125 124 124 126 128 127 126 125 126 128 129 130 130 129 129 129 128 127 126 126 126 127 128 130 131 131 131 129 128 128 129 131 133 133 132 130 127 123 121 120 119 120 121 122 123 123 123 123 122 120 119 119 120 120 120 119 118 118 121 123 126 127 127 126 127 127
129 131 133 134 135 134 134 135 136 137 138 138 138 137 135 134 132 130 127 126 126 127 128 126 124 125 127 128 129 129 129 128 127 127 126 126 126 127 127 126 124 124 126 129 129 129 129 130 130 131 132 131 129 127 125 125 124 123 123 124 126 127 128 127 127 126 124 122 121 121 121 121 120 118 118 119 121 122 123 123 123 123 124 126
