BASIN_DATA/DATA/7339001/morph_soilgrids/soil_class_horizon_06.asc
ncols        384
nrows        512
xllcorner    -72.750000000000
yllcorner    -36.500000000000
cellsize     0.001953125000
NODATA_value -2147483648
[rows 74 to 110 of 512, columns 252 to 335 of 384]
127 127 128 128 128 128 127 127 127 127 127 128 128 128 129 129 130 130 131 132 132 132 133 133 132 132 131 131 131 131 131 130 130 131 131 132 133 133 133 133 132 132 131 131 131 130 129 128 127 126 124 123 123 122 122 121 121 122 122 123 124 126 129 132 135 137 138 140 141 142 142 143 143 143 142 142 141 140 139 138 138 138 138 138
127 127 128 128 128 128 127 127 127 127 127 127 128 128 129 129 129 130 131 132 132 132 133 133 132 132 131 131 131 131 131 130 130 131 131 132 133 133 133 133 132 132 131 131 131 130 129 128 127 126 124 123 122 122 122 121 121 122 122 123 124 126 129 132 135 137 138 140 141 142 142 143 143 143 142 142 141 140 139 138 138 138 138 138
127 127 128 128 128 128 127 127 127 127 127 127 128 129 129 129 129 130 131 132 132 132 133 133 132 132 131 131 131 131 131 130 130 131 131 132 133 134 134 133 132 132 131 131 131 130 129 128 127 126 124 123 122 122 122 121 121 121 122 123 124 125 128 132 135 137 138 140 141 142 143 143 143 143 142 142 141 140 139 138 138 138 138 138
127 127 128 128 129 128 127 127 127 127 127 127 128 129 129 128 129 131 132 132 132 132 133 133 132 132 131 131 131 131 131 130 130 130 131 132 133 134 134 133 132 132 131 131 131 131 129 128 127 126 124 123 122 122 122 121 121 121 122 123 123 125 128 133 136 138 138 139 141 142 143 143 143 143 143 142 141 140 139 138 138 138 138 138
127 127 128 128 129 128 127 127 127 127 127 127 128 129 129 128 129 131 132 132 132 132 133 133 132 132 131 131 131 131 131 130 130 131 132 133 134 134 134 133 132 132 131 131 131 131 130 128 127 126 125 123 122 122 122 122 121 121 122 123 124 126 129 134 136 137 138 140 142 142 142 143 143 143 142 141 140 139 139 138 138 138 138 138
128 128 129 128 128 127 127 126 127 126 126 127 127 128 128 129 130 131 131 131 131 132 132 133 132 132 132 131 132 132 131 131 132 132 133 134 135 135 134 133 132 132 132 131 131 131 130 128 127 127 126 125 124 124 123 123 122 122 123 123 124 126 129 132 134 136 137 140 141 142 142 142 142 141 141 141 141 140 139 139 139 139 139 139
129 129 129 128 127 126 125 126 125 125 126 126 127 128 128 129 129 130 130 130 131 132 132 133 133 132 132 132 133 134 134 134 134 135 136 136 136 137 136 135 134 133 133 132 132 131 129 127 127 127 126 126 126 126 125 124 124 123 123 124 125 126 127 129 132 134 137 138 140 141 142 142 141 141 141 141 141 141 140 140 140 140 140 139
128 129 128 127 126 125 125 125 125 126 127 127 128 128 128 128 129 130 130 131 132 132 133 133 133 133 133 134 136 137 136 136 136 137 138 138 138 139 139 138 136 135 134 134 134 132 130 128 127 127 127 127 127 127 126 125 125 124 124 124 125 125 126 128 132 135 137 138 139 140 141 141 141 142 142 143 142 142 142 141 141 141 141 140
127 127 127 127 126 126 125 125 126 127 127 128 128 128 129 129 129 130 131 131 132 133 133 133 133 134 136 137 138 139 138 138 138 140 140 139 139 140 140 139 137 136 136 136 135 134 132 130 129 128 128 128 128 127 127 127 126 125 124 124 125 125 127 129 133 136 137 136 137 137 138 139 140 142 143 143 144 143 143 142 142 142 141 140
127 126 127 127 127 126 126 126 126 127 128 128 128 128 128 129 129 129 130 131 133 133 133 133 134 135 137 138 139 139 139 139 140 141 140 140 140 141 140 139 138 137 137 137 136 135 134 133 131 130 129 129 129 128 128 128 127 125 124 124 125 126 127 129 132 134 136 135 135 135 136 138 140 141 143 144 144 143 143 142 142 142 141 139
127 127 127 127 127 126 126 126 127 127 127 127 127 127 128 128 129 130 131 132 133 133 133 133 134 135 136 138 139 139 139 139 140 141 141 141 141 141 140 139 138 138 137 137 136 136 135 135 133 132 131 130 130 129 129 128 127 126 126 126 127 127 128 129 132 134 135 135 134 135 137 139 141 143 144 144 144 143 142 141 141 141 141 140
127 126 126 126 126 126 127 126 126 126 126 126 127 127 127 128 129 130 132 133 133 133 133 133 134 135 137 139 140 140 140 140 141 141 141 141 141 141 141 141 140 139 138 138 137 137 136 136 135 134 134 133 132 131 130 129 128 127 128 128 128 128 129 130 132 134 136 136 135 136 137 140 142 143 144 144 143 141 140 140 140 141 140 140
127 127 127 126 126 126 126 125 125 125 125 125 125 126 126 127 128 130 131 132 133 133 133 134 134 136 138 140 141 142 142 143 143 143 142 142 142 143 143 143 142 141 141 140 138 138 137 137 136 136 136 135 135 133 132 130 130 129 129 130 130 129 129 131 132 133 133 134 135 136 137 139 140 141 141 141 140 139 138 139 140 141 141 140
127 127 127 126 126 126 125 125 125 125 125 125 126 126 126 127 128 129 130 131 131 132 132 133 134 135 137 140 142 144 144 144 144 143 143 143 143 144 144 144 143 142 141 140 139 139 139 138 138 138 138 137 136 135 134 133 132 132 132 132 131 130 130 131 132 132 132 134 135 136 137 138 139 139 140 139 139 139 139 140 141 141 141 140
128 128 127 127 126 126 125 126 126 126 127 127 127 127 127 127 128 128 129 130 131 131 132 133 134 136 138 141 143 145 145 144 143 143 143 143 144 144 143 143 143 143 143 142 142 141 141 140 139 139 139 138 137 135 134 134 134 134 134 132 132 132 132 133 133 133 134 135 136 136 137 137 138 138 138 138 138 139 139 139 139 139 140 139
129 128 127 126 126 126 126 127 128 129 129 128 127 127 127 127 128 129 130 131 132 133 134 134 136 139 142 144 145 145 145 144 143 143 143 142 142 142 143 144 145 146 145 145 144 143 142 140 139 139 139 138 137 136 136 135 135 135 134 133 133 133 134 134 134 134 135 135 135 135 136 137 137 137 137 137 137 137 136 136 137 137 137 137
127 127 127 127 126 126 127 127 128 128 128 128 127 127 128 128 129 130 131 132 133 134 135 136 138 140 143 144 145 144 144 143 143 142 142 142 142 143 145 146 146 146 146 145 145 144 143 142 141 142 141 140 139 139 139 137 136 136 135 135 134 134 134 134 134 134 133 133 133 133 134 134 135 135 136 136 136 136 136 136 136 136 136 136
128 128 127 127 126 126 127 127 127 127 127 127 127 128 128 129 129 130 131 132 133 135 136 137 138 139 141 143 143 143 142 142 142 142 143 143 145 147 148 148 148 147 147 147 147 146 144 144 145 145 145 144 143 142 141 139 137 136 136 135 135 134 134 134 133 132 131 131 131 131 132 133 134 135 136 136 136 136 137 136 136 136 136 136
128 128 127 127 127 127 129 129 129 128 128 128 128 128 129 129 129 130 131 132 134 136 137 138 139 141 142 143 142 142 142 142 143 143 144 145 147 147 148 148 148 147 147 147 147 146 146 146 147 147 146 144 143 142 141 139 137 137 137 136 136 135 134 133 133 133 133 133 133 134 135 136 137 137 136 136 136 136 137 137 138 138 137 136
127 127 127 127 127 129 130 131 131 130 130 130 130 130 130 130 131 131 132 134 135 137 138 139 140 141 141 141 141 141 142 143 143 143 144 145 146 146 146 146 146 146 146 146 146 148 148 148 148 148 147 146 145 143 141 140 139 139 138 138 137 136 135 134 134 135 135 136 136 137 137 138 138 137 137 137 136 137 137 137 137 137 137 137
127 127 127 128 129 130 131 132 132 132 131 131 131 131 132 132 132 132 133 134 135 137 138 139 139 138 137 137 139 140 142 142 142 142 143 144 144 144 144 144 145 145 145 146 147 149 149 148 147 146 145 144 143 141 140 141 141 141 140 139 138 137 136 135 135 135 135 136 136 137 137 137 138 138 138 137 136 136 136 136 136 136 137 138
127 127 128 128 129 130 132 132 132 132 131 131 132 132 133 133 133 133 133 134 135 136 137 137 137 136 136 136 137 138 139 139 139 140 140 141 142 143 144 144 145 145 145 146 147 147 147 145 144 143 143 142 141 140 140 140 141 141 141 140 138 136 136 135 135 135 135 136 136 136 136 137 138 138 137 136 135 135 135 135 136 136 137 138
127 128 128 128 128 129 130 130 130 130 130 131 132 133 133 133 133 134 134 134 135 136 136 136 136 136 136 135 135 135 135 135 136 137 138 139 140 142 143 143 144 144 144 144 145 145 144 143 142 142 141 141 140 140 140 140 140 141 141 140 138 137 136 136 137 137 136 136 136 135 136 137 138 137 137 137 137 137 137 137 137 137 138 138
128 128 127 127 127 128 128 129 129 129 129 130 131 132 132 133 133 134 134 134 134 134 134 134 134 134 134 134 133 133 133 133 134 136 137 138 140 141 142 143 144 144 143 143 143 143 143 142 141 141 140 140 140 140 139 139 140 141 141 141 139 138 138 139 139 139 138 137 136 136 136 137 138 138 139 140 141 141 141 140 139 139 139 139
128 127 126 126 126 127 128 130 130 131 130 130 130 131 132 132 133 134 134 133 132 131 131 131 132 133 133 133 133 133 133 133 133 135 137 138 139 140 141 143 144 144 143 142 142 142 141 140 139 139 138 138 139 139 139 139 140 141 141 141 140 140 140 141 142 142 141 139 138 137 138 138 139 140 141 142 144 144 144 142 141 141 141 141
127 127 126 125 126 127 129 130 130 131 132 132 131 131 131 132 133 133 133 132 131 130 130 131 131 132 132 133 133 133 133 132 133 135 137 139 139 139 140 142 143 143 143 142 141 141 140 139 138 137 137 137 137 138 138 138 139 140 140 141 142 142 143 144 146 146 145 144 142 140 139 139 140 142 144 145 146 146 145 143 141 142 143 144
129 129 127 126 126 127 128 129 130 131 132 132 131 131 132 133 133 132 132 131 131 131 131 131 131 131 132 132 132 133 133 133 134 135 137 137 137 137 138 141 143 143 143 142 141 141 139 138 137 136 136 136 137 137 137 137 137 138 140 141 142 144 145 146 148 149 149 148 146 144 142 142 143 144 145 146 147 147 145 142 141 142 143 145
130 129 128 126 126 127 128 129 129 130 131 132 132 132 133 133 133 132 131 131 131 131 131 131 131 131 131 131 132 132 132 133 135 136 136 136 136 136 137 140 142 142 142 141 140 139 138 137 137 136 136 136 137 136 136 136 137 139 141 143 145 146 146 148 150 151 151 150 148 147 146 145 145 145 146 146 147 147 145 143 142 142 143 145
129 128 127 126 126 126 127 128 129 130 132 132 131 131 132 132 132 131 131 131 132 131 131 131 131 131 131 131 132 132 132 133 134 134 134 134 135 135 136 138 140 140 140 139 137 136 136 136 136 136 136 136 136 136 136 137 139 142 145 147 148 148 149 151 152 152 151 150 149 149 148 148 148 148 148 148 149 149 148 146 144 144 145 146
129 127 126 125 125 125 126 127 128 130 131 131 131 130 130 131 131 131 130 131 131 131 130 130 130 130 130 130 130 130 131 131 132 132 132 131 132 133 134 136 137 137 137 136 135 134 135 135 136 136 136 136 137 137 137 139 142 146 148 149 150 150 151 152 153 152 151 150 150 150 151 151 151 151 151 152 152 152 151 150 149 148 149 150
130 128 127 126 126 126 126 127 127 128 129 130 130 130 129 130 130 129 130 130 131 130 130 129 130 130 129 129 129 129 129 130 130 129 129 129 129 131 133 134 134 135 135 134 133 134 134 135 135 135 135 136 137 137 138 140 142 145 147 148 149 149 150 151 151 152 152 152 152 152 152 153 153 153 153 154 154 153 153 153 152 152 152 152
131 130 129 128 128 127 127 127 127 127 129 131 131 130 129 129 129 129 129 130 130 129 128 128 128 128 128 128 127 127 128 129 129 128 127 128 129 131 132 134 134 134 134 133 133 133 133 133 134 134 135 135 136 137 138 140 142 143 145 147 147 148 148 149 150 151 152 153 154 154 153 153 153 154 154 154 154 154 153 153 153 153 152 152
132 132 131 130 129 129 129 129 130 130 131 132 131 130 128 127 127 127 127 127 126 126 126 126 126 127 127 127 127 127 128 128 128 128 127 127 128 129 130 131 132 132 132 132 132 131 131 132 133 134 135 136 137 139 141 142 144 145 146 147 147 148 149 150 151 152 153 154 154 154 154 154 154 154 154 153 153 153 153 154 153 153 153 153
133 133 132 131 131 131 131 132 132 133 133 132 132 130 127 125 124 123 123 123 123 123 124 124 125 126 126 127 127 128 128 127 127 128 127 127 127 127 128 129 129 130 130 131 131 131 132 132 133 135 136 138 140 141 143 145 146 146 147 148 148 148 149 150 151 153 153 153 153 154 154 154 154 153 153 153 152 153 153 154 154 153 153 153
133 133 133 132 132 131 132 133 133 134 134 133 131 128 125 123 122 122 122 122 122 122 122 122 123 124 125 126 127 127 127 127 127 128 128 128 128 128 128 128 128 129 131 132 133 133 133 134 135 137 138 140 142 144 146 146 146 146 147 147 147 147 148 149 151 152 152 152 153 153 154 154 154 154 153 153 153 153 154 154 154 154 153 153
134 134 133 133 132 132 133 133 133 134 134 132 130 127 124 123 122 122 121 121 121 121 121 121 121 122 123 124 125 126 127 127 127 128 128 129 130 130 130 130 130 130 131 133 133 134 134 135 136 138 140 142 145 147 148 147 146 146 146 147 147 147 148 149 150 151 152 152 152 153 154 154 154 154 154 153 153 153 153 153 153 153 153 152
134 134 134 134 133 133 133 133 132 132 132 132 130 126 123 122 122 121 121 120 121 121 121 121 121 121 122 123 124 126 127 127 127 127 128 130 133 135 135 133 132 132 132 133 134 134 134 135 137 139 141 144 146 147 147 146 146 146 147 147 147 148 148 149 150 151 151 151 151 152 153 154 154 153 153 153 152 152 152 152 153 153 153 152
