BASIN_DATA/DATA/7339001/morph_soilgrids/soil_class_horizon_04.asc
ncols        384
nrows        512
xllcorner    -72.750000000000
yllcorner    -36.500000000000
cellsize     0.001953125000
NODATA_value -2147483648
[rows 296 to 332 of 512, columns 84 to 167 of 384]
119 119 120 119 119 118 118 118 118 119 119 118 118 117 118 119 120 121 121 120 119 119 119 119 119 118 117 117 118 118 120 121 123 123 124 124 124 124 124 124 125 128 131 133 133 134 134 134 134 134 134 135 137 138 137 136 136 137 137 136 135 133 133 133 133 134 134 135 135 136 138 140 142 142 140 137 135 137 140 143 145 146 147 147
119 120 120 120 119 118 118 118 118 118 118 118 118 118 119 120 121 121 121 121 121 121 120 120 120 119 118 118 118 118 119 120 122 123 123 124 124 125 125 125 126 128 131 132 132 132 132 133 133 133 133 135 137 137 136 135 134 135 135 134 132 131 131 132 133 134 135 135 136 137 139 141 143 142 139 136 135 136 138 141 143 145 146 147
119 119 120 119 119 118 118 118 118 117 117 118 118 118 117 117 117 118 118 119 119 119 119 120 120 119 118 117 117 118 120 121 123 124 124 124 125 126 126 126 127 129 130 130 130 131 132 133 134 135 135 135 136 137 137 136 135 134 134 133 131 130 130 131 133 134 135 136 137 137 137 138 139 140 139 138 137 137 139 142 144 146 147 147
118 119 119 119 119 119 119 118 118 117 117 118 117 117 116 115 115 116 117 118 118 118 119 119 119 118 117 117 118 119 121 122 123 123 123 124 125 126 127 128 130 131 131 132 132 133 134 135 135 135 135 135 136 138 138 137 136 135 133 131 130 130 130 130 130 131 134 136 137 137 135 134 134 134 135 134 133 134 137 140 143 145 146 146
117 118 118 118 119 119 119 118 118 117 117 117 117 117 116 115 115 116 118 118 118 119 118 118 118 118 117 117 117 118 119 120 121 122 123 124 126 127 129 131 132 133 134 134 134 135 135 136 136 136 135 136 137 138 138 137 136 133 130 129 129 130 130 128 127 129 133 135 136 135 131 129 128 129 129 129 129 130 133 136 139 142 144 144
116 116 117 118 118 118 118 118 117 117 117 117 117 117 117 116 116 117 118 118 119 118 117 117 118 118 118 117 116 117 117 118 120 121 122 123 125 128 130 131 133 134 134 134 135 135 135 136 136 135 136 137 137 137 137 137 135 132 130 130 132 132 130 127 127 128 130 132 132 130 128 127 127 128 128 128 128 129 130 133 137 141 143 144
115 116 117 117 118 118 117 118 118 117 117 117 118 119 119 117 116 116 116 116 117 117 117 117 118 118 118 118 117 117 117 118 120 121 121 122 123 124 126 127 129 130 131 132 133 133 134 134 134 135 136 137 137 138 138 139 138 136 134 135 136 134 131 128 127 126 127 128 129 128 128 128 128 128 127 127 127 127 130 135 139 141 142 142
115 115 116 117 117 117 117 118 119 118 118 117 118 118 118 117 116 114 114 114 115 116 116 117 118 118 119 119 118 117 117 118 121 122 121 121 120 120 121 122 124 126 128 129 131 131 132 133 133 133 135 137 138 138 139 140 140 139 139 138 138 137 133 129 126 125 125 127 128 128 128 128 127 127 127 126 126 126 130 135 138 139 139 139
115 116 117 117 117 117 118 119 119 119 118 117 117 118 117 117 115 114 113 113 114 115 116 117 117 118 119 119 118 117 118 120 121 122 121 121 120 120 121 122 124 126 127 129 130 131 132 132 132 133 135 137 138 139 140 140 140 139 139 139 138 136 132 128 126 125 126 127 128 128 128 128 128 127 127 126 126 126 129 133 137 137 138 139
116 116 116 117 117 117 118 119 119 118 117 117 117 117 116 115 114 114 113 113 114 115 116 116 117 118 118 118 118 118 119 120 121 122 122 122 121 121 121 121 123 125 127 129 130 130 129 129 130 132 135 137 138 139 139 138 138 138 138 139 139 137 133 130 127 127 128 129 129 129 129 128 128 128 128 127 128 129 132 134 135 136 138 139
116 116 116 116 116 116 117 118 118 118 117 115 115 115 115 115 114 114 114 114 115 116 116 116 116 116 117 118 119 119 120 121 122 123 123 122 122 122 122 123 125 128 129 129 128 127 127 129 130 131 132 133 136 138 138 138 137 136 137 139 140 138 135 132 130 130 131 131 130 130 130 129 129 129 130 131 133 134 134 135 136 138 139 140
117 116 115 116 116 116 117 117 117 117 116 115 114 114 115 115 115 114 114 114 114 114 114 115 116 117 118 119 120 120 121 123 123 123 123 123 124 125 127 128 130 131 130 129 127 127 128 129 129 129 129 132 135 138 138 137 136 136 137 138 138 136 134 132 131 131 131 131 130 130 131 131 131 133 135 136 136 135 135 136 137 138 139 139
116 116 116 116 116 116 116 116 116 116 115 114 113 114 114 114 114 114 113 112 112 113 114 115 116 118 119 119 119 120 122 123 124 123 123 124 126 127 129 130 132 132 131 130 129 128 128 130 130 129 131 133 136 138 138 137 136 137 138 137 136 134 133 132 131 131 131 131 131 132 133 135 135 136 136 136 135 135 136 136 137 137 138 139
115 116 116 116 116 116 116 116 115 115 115 114 113 113 113 113 113 113 112 112 112 113 114 115 117 118 119 120 120 121 123 124 124 123 123 124 125 126 128 130 131 132 132 131 130 128 128 128 129 129 131 133 135 137 138 137 137 139 140 139 137 136 134 132 131 130 131 131 132 133 135 136 135 135 135 135 135 136 137 137 137 138 138 139
115 115 115 115 116 117 117 117 116 116 116 115 114 114 113 113 113 113 113 113 113 114 114 116 118 119 121 122 123 123 124 124 124 123 123 124 125 126 126 129 130 131 131 130 129 128 127 126 127 128 129 130 133 136 137 136 138 140 141 141 140 138 136 134 131 130 131 131 132 133 134 134 135 135 136 136 136 137 138 137 136 136 137 138
115 115 115 116 117 117 117 117 118 118 118 117 116 115 114 114 114 113 114 114 114 115 115 117 118 120 121 122 123 124 125 125 124 124 124 124 125 125 126 127 128 127 127 127 127 127 128 128 130 131 131 131 133 135 135 136 138 140 141 141 140 139 136 134 132 132 132 131 131 132 134 135 136 136 137 138 139 139 137 134 132 132 135 138
117 117 118 118 118 118 117 117 118 118 118 117 116 116 116 115 114 114 114 115 115 116 116 117 118 118 119 120 122 124 125 125 124 124 123 123 123 124 124 124 124 124 124 125 127 129 130 132 133 134 133 133 133 134 136 137 137 138 139 139 139 137 134 132 131 131 131 131 131 131 133 135 137 138 139 139 139 138 136 133 132 133 136 138
117 118 119 119 117 116 117 117 118 118 117 115 115 115 115 115 115 115 115 116 116 116 115 116 117 117 118 119 122 124 124 123 123 122 122 122 122 122 122 122 123 123 123 124 125 127 130 132 134 134 134 135 135 136 137 137 136 135 135 136 135 133 131 131 131 131 131 132 132 133 135 137 139 139 139 139 138 136 135 135 135 137 139 139
118 118 118 117 115 115 116 118 118 117 116 115 114 114 114 115 115 115 115 116 116 115 114 115 115 116 117 118 120 122 121 120 119 119 120 121 121 120 119 120 121 122 123 123 124 126 128 130 131 132 134 135 135 134 134 133 132 131 131 132 131 130 130 131 131 131 132 133 133 135 137 139 139 140 140 138 137 135 134 135 137 139 140 140
118 118 118 117 116 117 118 119 118 117 117 115 115 114 114 114 114 114 114 114 115 114 114 114 115 115 115 116 118 119 118 116 116 117 118 120 120 119 118 119 120 121 122 123 124 125 126 126 128 130 132 133 132 131 130 130 130 129 130 130 130 130 130 131 132 133 134 134 135 136 137 138 140 140 139 137 136 135 136 137 138 139 139 139
118 119 119 118 118 118 119 119 118 117 117 116 116 115 114 114 114 114 114 114 115 115 115 114 114 115 114 115 116 116 115 114 114 115 117 119 119 119 119 119 119 120 121 122 123 123 123 125 127 129 130 130 129 128 129 131 130 130 131 131 130 130 130 131 132 134 136 136 135 135 136 137 138 138 137 137 137 137 137 137 137 137 138 138
118 119 119 118 118 119 119 119 118 117 117 117 117 116 115 115 115 115 115 115 116 116 115 114 114 114 114 114 114 114 113 112 113 114 117 119 119 119 119 119 120 121 122 123 123 122 124 126 128 129 130 129 128 129 131 132 131 131 131 130 129 129 129 129 131 133 135 135 134 133 134 136 137 137 137 137 136 135 134 133 134 135 137 137
119 120 119 119 118 119 119 118 117 117 117 118 118 117 116 116 116 116 117 118 119 118 116 114 113 113 114 114 114 114 113 113 113 115 117 117 117 118 119 120 121 122 124 125 125 125 126 127 128 128 129 129 130 131 132 132 131 131 130 129 127 127 127 128 128 130 131 132 131 132 134 136 137 137 136 135 133 130 128 127 129 131 133 134
119 120 120 120 120 119 119 118 118 118 119 119 119 118 117 117 118 119 121 122 121 119 116 114 113 113 114 114 114 114 113 113 114 115 115 115 116 117 119 121 122 123 125 127 128 128 128 128 127 127 127 129 130 131 131 131 130 129 128 126 125 126 127 128 128 128 129 130 130 132 134 136 136 135 134 131 128 125 123 122 123 124 128 131
120 120 121 121 121 121 120 120 120 121 121 121 120 119 118 119 121 124 126 126 123 119 116 114 114 113 114 114 114 113 112 113 113 114 114 114 115 116 118 119 121 123 125 127 128 128 127 127 126 126 127 128 129 130 130 130 130 128 126 124 125 127 128 128 128 129 129 130 130 131 133 134 134 133 132 129 126 122 120 120 120 121 124 128
120 120 121 123 124 124 123 123 123 123 123 122 121 120 120 122 124 126 127 126 124 120 118 116 114 114 113 113 113 112 112 112 112 112 112 113 114 115 116 118 121 123 125 126 126 125 124 124 125 126 126 127 128 129 130 130 130 128 126 125 126 128 128 128 129 129 129 129 129 129 130 131 132 132 131 128 124 122 120 119 119 120 121 124
121 121 123 126 126 126 125 125 124 124 124 124 122 122 122 124 125 126 126 124 122 119 117 116 114 113 113 113 113 113 112 112 112 111 112 112 113 114 116 118 121 123 124 125 124 124 124 124 125 126 126 126 128 129 130 131 130 127 124 124 126 127 127 128 128 128 128 128 128 128 128 129 130 130 129 126 124 122 121 120 119 119 120 122
123 124 126 127 127 126 126 126 125 126 126 125 123 122 123 125 126 124 122 119 117 116 115 114 114 113 114 114 115 114 113 113 113 113 113 113 114 116 118 120 122 123 123 124 124 124 125 125 126 126 125 126 126 128 129 130 128 125 123 123 124 125 125 126 127 127 128 128 128 128 128 128 128 128 127 125 124 122 121 120 120 120 120 121
126 127 128 128 127 127 127 126 126 127 128 126 125 124 124 126 125 121 117 116 115 114 114 114 114 114 114 115 115 115 115 114 114 114 115 116 117 119 121 123 124 124 123 123 123 124 125 125 125 125 125 125 125 125 127 127 127 126 124 122 123 124 125 126 127 127 126 127 127 128 128 127 126 126 125 124 123 122 122 121 121 121 121 122
128 129 130 130 129 128 127 127 127 127 127 126 126 125 125 125 123 120 117 115 115 114 114 114 114 114 114 115 116 116 116 116 116 116 117 119 120 121 122 123 124 123 122 122 122 123 123 123 122 123 123 124 123 123 124 125 126 125 124 123 123 125 126 127 127 126 126 126 127 127 126 126 126 126 125 124 123 122 122 123 123 123 123 122
129 130 131 131 130 129 128 128 127 126 125 124 124 125 126 125 124 121 119 117 115 114 114 115 115 115 115 116 118 119 119 118 117 118 119 120 121 121 122 123 123 122 122 122 122 123 123 123 122 122 123 123 123 122 122 122 123 123 123 123 124 125 126 126 126 126 126 126 126 126 126 127 127 126 125 124 123 123 123 123 123 124 124 123
127 127 128 128 128 127 127 127 125 123 122 122 123 124 124 124 123 122 120 119 117 115 115 116 116 116 117 119 120 121 120 119 119 120 121 121 121 121 122 123 123 122 122 122 123 123 124 123 122 123 124 125 124 124 123 122 122 122 123 123 124 125 126 126 126 126 126 126 126 126 127 128 128 127 126 125 124 124 124 123 123 124 124 124
124 124 124 123 123 123 124 124 123 122 122 123 124 125 125 125 124 122 121 120 118 117 117 117 117 118 118 119 120 120 120 120 121 122 122 122 122 123 125 126 125 124 123 123 123 123 123 123 122 123 125 125 126 127 127 126 125 124 125 125 126 127 128 128 128 127 126 126 125 125 126 126 126 126 125 125 124 124 124 124 125 126 126 126
122 121 120 120 119 120 120 121 122 122 123 124 126 126 127 127 125 124 121 120 118 118 119 119 119 119 119 119 119 119 119 119 120 121 122 122 124 126 128 129 129 128 126 126 125 124 123 123 123 123 123 124 126 128 129 129 127 126 126 126 127 128 130 130 130 129 127 126 125 125 125 125 124 124 124 124 124 124 124 126 127 128 128 128
121 120 120 119 118 118 119 120 122 122 123 123 124 123 124 125 126 124 122 120 119 119 119 120 120 121 120 119 119 118 117 117 119 121 122 123 124 127 130 132 132 131 130 128 127 127 126 124 123 123 123 123 124 126 128 128 127 126 126 127 128 130 131 132 132 131 128 126 125 125 125 125 124 124 125 125 125 125 126 128 129 130 130 131
122 121 121 120 119 118 119 120 121 121 120 121 120 119 120 122 123 123 122 120 119 119 119 119 120 120 120 120 118 117 116 118 121 123 125 125 126 128 131 132 132 131 129 128 128 128 126 124 123 123 123 123 124 126 127 127 127 126 126 128 130 131 132 132 133 133 130 127 126 126 126 125 125 126 128 129 129 128 130 131 132 133 134 135
122 122 121 120 119 119 119 119 119 119 118 118 118 118 118 119 120 120 119 117 116 117 117 118 119 120 121 121 119 117 117 120 124 126 126 126 127 128 130 130 130 129 127 126 126 126 125 124 124 125 125 125 126 127 127 127 126 126 128 131 133 133 133 132 132 132 131 129 127 127 126 127 128 131 132 132 130 129 129 131 133 135 136 136
