BASIN_DATA/DATA/7339001/morph_soilgrids/soil_class_horizon_04.asc
ncols        384
nrows        512
xllcorner    -72.750000000000
yllcorner    -36.500000000000
cellsize     0.001953125000
NODATA_value -2147483648
[rows 185 to 221 of 512, columns 168 to 251 of 384]
124 125 125 125 125 125 125 124 124 123 123 124 124 123 122 121 121 122 121 121 121 122 122 122 122 121 121 122 123 123 122 122 123 125 126 126 126 127 128 130 132 135 137 137 136 134 132 130 130 130 130 130 129 128 128 129 130 130 130 131 133 134 135 135 134 135 138 141 144 144 145 144 142 139 138 137 136 135 134 134 134 135 135 136
124 124 124 125 125 125 125 125 125 125 125 125 124 123 122 122 123 123 123 123 123 122 122 122 122 121 122 123 123 122 122 122 123 123 124 125 126 126 126 128 130 133 134 134 134 133 132 131 130 130 130 130 130 129 129 130 130 130 130 131 132 133 134 135 136 139 141 143 144 144 143 142 141 139 137 136 135 134 133 133 134 134 135 136
124 124 125 125 125 125 125 125 126 126 126 125 124 123 123 123 124 124 124 123 123 122 122 122 122 122 123 123 123 123 123 123 123 123 124 124 124 124 125 126 128 129 129 129 129 130 130 130 129 130 130 131 131 131 131 130 130 130 130 131 132 133 134 135 138 140 142 143 142 140 138 137 136 135 134 133 133 133 132 133 133 134 135 137
124 125 126 126 125 125 124 124 124 125 125 125 124 124 124 124 124 124 124 123 123 123 122 122 122 123 123 123 123 124 124 124 124 124 124 124 123 123 123 124 125 126 126 126 127 128 128 128 129 131 131 132 133 134 133 133 133 132 132 132 133 134 135 137 138 139 139 138 136 133 132 132 132 132 132 131 132 132 132 132 132 133 134 136
124 125 126 126 126 125 123 122 123 123 124 124 123 124 124 124 124 124 124 124 124 123 122 122 122 122 123 123 123 124 124 124 124 125 125 124 123 122 122 123 123 124 125 125 126 126 126 128 130 132 133 134 135 136 137 138 137 136 135 135 136 138 138 138 138 137 135 132 131 130 130 130 130 131 131 132 132 132 132 132 132 132 133 136
123 125 125 126 126 124 122 122 122 123 123 123 123 123 123 124 124 124 125 125 125 124 123 123 122 122 123 123 123 124 123 124 124 124 125 124 123 123 123 123 124 124 125 125 126 126 127 128 130 131 132 134 136 138 139 139 139 139 139 140 141 141 141 141 139 137 133 130 129 129 130 130 130 131 132 132 133 133 132 132 132 132 133 135
123 124 124 124 124 123 123 122 122 123 124 124 124 124 124 124 125 125 126 126 125 125 125 125 124 125 125 125 125 125 125 125 124 124 124 123 123 123 124 124 124 124 124 125 125 126 127 127 129 130 132 135 138 140 139 139 140 141 141 141 141 143 144 143 141 138 134 131 130 130 131 131 131 131 132 133 133 133 132 132 132 132 133 133
124 125 124 124 123 124 124 123 123 124 124 124 124 124 125 126 127 128 128 127 126 126 126 126 126 127 127 126 126 126 126 125 124 124 124 124 124 123 123 123 124 124 125 125 125 126 127 128 129 132 135 138 140 140 139 139 139 139 139 139 141 144 145 143 140 138 136 133 132 132 132 132 132 132 133 133 133 132 132 132 132 132 132 132
126 126 125 124 124 124 125 124 124 124 124 124 124 125 126 128 130 130 129 128 127 127 127 127 127 128 128 126 125 125 125 124 124 124 124 124 124 123 123 123 124 126 126 126 126 126 127 128 130 132 136 138 140 139 138 137 136 137 138 140 143 145 144 140 137 136 135 134 133 132 132 132 132 132 132 132 132 132 131 131 131 131 131 131
128 128 127 125 125 125 125 124 124 124 125 125 124 125 127 129 129 129 129 129 129 129 128 128 128 129 128 127 126 125 124 124 123 124 124 125 125 125 124 124 127 128 128 126 126 126 127 129 130 131 133 135 137 137 135 135 136 137 140 143 145 145 142 139 137 136 135 134 133 132 131 131 131 131 131 131 131 131 131 131 132 132 132 133
128 128 127 126 125 124 124 124 124 124 125 125 124 125 126 126 127 129 130 131 131 131 131 130 130 130 129 128 127 126 125 125 124 125 125 126 127 127 127 128 129 129 128 127 127 127 129 131 132 132 132 132 133 132 132 135 137 139 142 144 145 145 144 143 142 140 138 136 134 132 131 130 130 131 131 132 132 132 133 133 134 135 136 138
129 128 127 126 125 124 123 123 123 124 125 124 124 124 126 125 127 129 132 133 134 134 133 133 132 131 129 128 127 127 126 125 125 125 126 127 128 129 129 129 129 129 130 130 129 129 131 133 135 135 134 132 131 130 133 136 139 142 145 147 147 147 148 148 147 145 142 139 135 133 131 131 131 131 132 133 133 134 135 136 136 138 140 142
129 128 127 126 124 124 124 124 125 125 125 124 125 126 127 127 127 129 131 133 134 134 134 133 131 128 127 126 126 126 126 125 125 125 126 127 128 128 128 129 129 130 131 132 131 131 131 132 134 136 135 133 131 132 134 137 141 146 149 150 150 150 150 150 149 148 145 142 139 136 134 133 132 132 133 134 135 136 137 138 138 140 142 144
127 127 126 125 124 123 124 125 125 125 125 125 125 126 127 127 127 128 130 131 131 131 131 131 128 127 126 126 126 125 125 125 125 126 126 127 127 127 127 128 130 131 133 133 132 131 131 132 135 137 136 135 135 135 137 139 143 148 151 152 152 151 151 151 150 149 148 145 143 139 136 135 134 133 134 135 137 140 141 141 141 142 143 144
125 125 125 124 123 123 123 124 125 125 125 124 124 125 126 127 127 127 128 129 130 130 131 130 128 127 127 127 126 125 125 125 125 125 126 127 128 127 127 129 131 134 135 135 134 133 133 134 137 138 138 139 139 140 140 143 146 150 152 153 153 152 152 152 152 151 150 148 146 143 140 138 136 135 135 137 140 144 145 144 144 143 143 144
123 124 124 123 123 122 123 124 125 125 125 124 125 126 126 126 127 127 127 128 130 131 132 131 129 129 128 128 127 126 125 124 124 125 126 127 127 127 128 130 133 136 138 138 137 137 137 138 139 141 142 143 144 145 146 148 150 152 153 154 153 153 152 152 152 152 152 151 149 147 145 143 142 140 140 141 144 147 147 146 145 144 143 143
121 122 122 122 122 122 123 123 124 125 125 124 125 126 126 126 127 127 128 130 132 133 133 132 131 130 129 128 127 126 125 124 124 124 125 126 126 127 128 130 133 136 139 139 139 140 141 142 143 144 146 147 149 150 150 151 152 153 154 154 154 153 153 153 153 153 153 152 151 151 150 149 147 146 146 147 148 149 149 149 147 145 144 143
119 120 121 121 121 122 123 123 123 124 124 124 124 125 126 120 120 128 135 134 135 135 134 134 132 131 130 129 128 127 126 125 124 124 125 125 126 127 128 129 131 134 136 138 138 140 142 145 147 148 149 150 151 152 152 152 153 153 154 154 154 154 154 153 153 153 153 153 153 152 152 151 150 149 149 149 150 150 150 150 149 147 146 145
118 119 120 121 122 123 124 124 124 124 124 124 124 124 117 117 117 126 135 135 135 136 136 136 134 132 131 130 129 127 126 124 124 124 125 126 126 127 127 128 130 132 134 136 138 140 143 146 148 149 150 152 153 154 154 154 154 154 154 154 154 154 154 153 153 153 153 153 153 153 152 152 151 150 150 150 150 150 151 151 150 149 148 147
118 118 119 121 122 124 124 124 124 124 124 124 125 125 118 117 120 122 126 130 133 134 137 137 134 131 129 129 128 127 125 124 123 124 125 126 126 126 127 128 130 131 133 136 138 139 142 145 147 149 149 151 152 153 153 154 154 155 155 155 155 155 154 154 154 153 153 153 153 153 153 153 152 152 151 151 151 151 151 151 151 150 149 148
118 117 118 120 121 122 123 123 123 124 124 125 126 125 122 120 121 122 123 124 127 132 135 135 133 130 128 127 127 126 124 123 123 124 125 126 126 126 126 128 130 132 135 137 139 141 144 146 147 147 147 147 147 148 150 152 154 154 155 155 155 155 155 154 154 154 154 154 154 154 153 153 153 153 152 152 151 151 151 150 150 149 149 148
117 117 118 120 120 120 121 122 123 124 124 125 125 126 125 125 125 125 126 127 129 131 134 135 134 132 130 128 127 126 124 123 123 124 125 125 126 126 127 129 131 133 136 139 142 145 147 148 149 149 148 146 144 145 148 150 152 153 155 155 155 155 155 155 154 154 155 155 154 154 154 154 154 154 153 152 152 151 150 150 149 149 148 148
117 118 120 121 121 121 121 122 123 123 124 125 126 128 128 128 128 128 129 129 130 132 134 136 136 135 132 130 128 127 125 125 125 125 125 126 126 127 128 129 131 133 137 141 145 149 151 151 150 149 148 146 144 144 147 149 151 154 155 155 156 155 155 155 155 155 155 155 155 155 155 155 155 154 154 153 152 151 150 150 149 149 148 148
118 119 121 123 123 122 122 123 124 124 125 126 127 128 129 130 130 130 131 131 132 133 135 137 138 136 133 131 130 129 128 127 126 126 126 126 126 127 128 130 133 137 141 145 149 152 152 150 149 148 147 146 146 147 148 149 151 152 153 155 155 155 155 155 155 155 155 155 155 155 155 155 154 154 154 153 152 151 151 150 150 149 149 149
120 121 123 124 124 124 124 125 126 126 127 127 129 130 132 133 135 136 137 138 137 136 137 138 139 138 137 136 135 134 131 130 128 127 127 127 128 130 132 134 138 142 145 147 149 148 147 146 145 145 146 148 149 150 151 151 152 152 154 155 155 155 155 155 155 155 155 155 155 154 154 154 154 154 153 153 152 152 152 151 151 151 151 151
123 124 124 124 124 125 125 127 129 129 130 131 132 134 136 137 139 141 143 143 141 139 139 141 142 142 142 141 140 138 137 135 132 131 129 129 130 132 134 137 140 143 144 145 144 142 141 140 140 142 145 149 152 153 153 154 154 155 155 154 154 154 155 155 155 155 155 155 154 154 154 154 154 153 153 153 153 153 153 153 152 152 152 152
123 123 124 124 125 125 127 130 132 134 134 134 135 137 137 137 138 140 142 142 141 141 142 143 143 144 143 142 142 142 141 139 136 134 132 130 130 130 133 137 139 142 144 144 142 140 139 138 139 141 144 147 150 152 153 154 154 155 154 154 154 154 154 154 155 155 155 155 154 154 153 153 152 152 152 152 153 153 153 153 152 152 152 152
123 123 124 125 125 126 128 131 133 134 134 135 136 137 137 137 138 140 141 141 141 142 142 143 144 144 143 142 143 142 141 139 137 134 133 131 131 133 135 138 140 143 144 143 143 141 139 138 139 140 143 146 149 151 152 153 154 154 154 154 154 154 154 154 154 155 155 155 154 153 153 152 152 151 151 152 153 153 153 152 152 152 152 152
124 125 125 126 126 127 128 129 131 133 135 135 135 135 135 134 135 137 139 141 142 142 142 143 143 143 143 143 143 142 140 139 139 139 138 137 138 138 139 140 142 143 144 144 143 142 140 139 141 143 145 147 148 149 150 152 154 154 154 154 153 154 154 154 154 154 154 154 153 152 152 151 151 151 151 151 151 152 152 152 152 151 151 151
125 126 126 126 126 127 128 130 131 134 135 134 132 132 131 131 132 134 137 138 139 141 142 143 144 143 143 143 143 142 141 142 143 144 143 143 142 142 142 141 142 144 145 145 145 144 144 144 144 145 145 145 146 146 148 151 152 153 153 153 153 153 154 154 154 154 153 152 152 151 151 150 150 149 150 150 150 150 151 151 150 149 148 148
125 126 127 127 128 129 130 131 133 134 134 133 131 129 127 127 129 132 135 136 138 140 143 144 144 144 143 143 143 143 143 145 146 147 147 147 145 145 144 143 143 145 146 146 146 145 144 143 143 143 143 143 144 145 147 149 151 152 152 152 153 153 154 154 154 154 153 153 152 151 151 150 149 149 149 149 149 150 150 150 149 148 147 147
126 128 129 129 130 130 131 132 133 134 134 132 130 127 125 125 127 130 133 135 138 141 143 144 144 143 143 143 143 144 145 147 148 149 149 149 148 147 147 146 147 148 148 146 144 141 140 140 141 141 141 142 145 148 150 151 152 152 152 152 152 153 154 154 155 155 154 153 153 152 151 150 150 149 149 149 149 150 150 150 150 149 149 149
127 130 130 130 130 131 132 133 134 134 133 130 128 126 125 124 125 128 132 135 138 140 142 142 142 141 141 142 143 144 145 147 148 149 149 148 148 149 149 151 152 151 149 144 141 139 139 140 140 140 141 144 148 152 153 153 153 153 153 152 151 153 154 154 154 154 154 153 153 152 151 151 150 149 149 149 149 150 150 150 150 150 150 150
128 130 130 129 130 132 134 136 136 134 131 128 126 125 124 125 127 130 132 135 137 139 140 140 139 139 139 140 142 143 144 145 145 145 145 146 147 148 149 151 152 151 149 145 143 143 143 143 143 144 146 149 152 153 153 153 154 154 154 153 153 154 154 154 154 153 153 152 152 152 151 151 150 150 149 150 150 150 150 150 150 150 150 149
128 128 128 129 131 134 136 137 136 133 131 128 126 125 124 125 127 130 132 134 135 136 137 138 139 139 138 138 139 139 140 141 140 140 141 143 145 146 147 148 150 151 150 150 149 149 150 149 149 149 151 153 154 154 154 154 154 154 154 154 154 153 153 153 153 153 153 153 152 151 151 151 151 150 150 150 150 150 150 149 149 149 148 146
126 127 128 132 134 136 137 137 137 135 133 129 126 124 123 124 126 128 129 131 132 133 135 137 138 137 136 135 134 134 134 134 133 134 138 142 144 146 147 149 150 149 149 150 151 152 152 151 151 153 154 154 155 155 154 154 154 154 154 153 152 152 153 153 153 153 153 153 152 152 151 151 150 150 150 150 150 150 149 149 149 148 147 145
127 128 132 136 138 138 138 138 137 135 131 127 125 123 123 124 126 127 128 128 129 130 132 135 135 135 135 134 133 131 129 127 127 129 136 142 145 147 149 150 150 148 147 148 149 150 150 151 152 153 154 154 155 155 155 155 155 154 153 150 150 151 153 153 153 153 153 152 152 152 151 151 151 151 151 151 150 150 149 149 149 148 147 145
